0 0.001984 0.454497 0.241667 0.440741 0.241667 0.451323 0.234524 0.478836 0.234524 0.488360 0.234524 0.495767 0.221825 0.502116 0.209127 0.511640 0.212302 0.523280 0.206746 0.547619 0.206746 0.561376 0.205952 0.581481 0.212302 0.586772 0.213095 0.614286 0.234524 0.637566 0.255952 0.637566 0.266270 0.613228 0.283730 0.606878 0.299603 0.614286 0.306746 0.633333 0.327381 0.634392 0.339286 0.634392 0.344048 0.667196 0.356746 0.684127 0.414683 0.689418 0.416270 0.692593 0.406746 0.698942 0.382143 0.707407 0.353571 0.710582 0.327381 0.706349 0.313095 0.694709 0.323413 0.679894 0.303571 0.689418 0.294841 0.688360 0.278175 0.697884 0.255952 0.702116 0.226587 0.707407 0.261508 0.728571 0.285317 0.737037 0.267063 0.755026 0.240873 0.763492 0.226587 0.784656 0.197222 0.806878 0.177381 0.817460 0.163889 0.805820 0.141667 0.807937 0.112302 0.832275 0.087698 0.841799 0.106746 0.852381 0.136111 0.836508 0.150397 0.840741 0.150397 0.871429 0.128968 0.879894 0.094048 0.882011 0.067063 0.901058 0.059127 0.926455 0.039286 0.914815 0.026587 0.870370 0.015476 0.855556 -0.000000 0.848413 
0 0.003571 0.957143 0.032937 0.997354 0.005556 0.998148 
0 0.815476 0.371958 0.844048 0.373016 0.844048 0.392063 
0 0.848016 0.362434 0.848810 0.486243 0.875000 0.511640 0.878175 0.501058 0.878175 0.483069 0.886111 0.479894 0.887698 0.503175 0.877381 0.517989 0.940873 0.584656 0.934524 0.591005 0.936111 0.625926 0.943254 0.661905 0.963095 0.660847 0.954365 0.673545 0.980556 0.707407 0.998611 0.713426 0.998611 0.357143 0.963889 0.352910 0.929762 0.359259 0.901190 0.362434 0.866270 0.366667 
0 0.890873 0.648148 0.916270 0.639683 0.934524 0.639683 0.938492 0.668254 0.924206 0.668254 0.901984 0.668254 0.889286 0.664021 
0 0.473413 0.421693 0.559921 0.410053 0.567063 0.417460 0.574206 0.403704 0.573413 0.395238 0.563889 0.395238 0.563095 0.400529 0.552778 0.399471 0.543254 0.407937 0.494048 0.415344 0.316270 0.424868 0.313889 0.411111 0.302778 0.412169 0.302778 0.425926 0.159921 0.434392 0.160714 0.422751 0.150397 0.421693 0.148016 0.433333 0.001190 0.444974 0.001190 0.400529 0.432937 0.383598 0.613095 0.369841 0.686111 0.366667 0.685317 0.386772 0.680556 0.401587 0.666270 0.397354 0.659921 0.404762 0.659127 0.426984 0.674206 0.428042 0.667857 0.469312 0.664683 0.484127 0.695635 0.616402 0.729762 0.632275 0.743254 0.639683 0.740079 0.653439 0.715476 0.661905 0.707540 0.653439 0.694048 0.650265 0.674206 0.665079 0.666270 0.682011 0.639286 0.686243 0.623413 0.686243 0.599603 0.693651 0.589286 0.693651 0.564683 0.689418 0.560714 0.686243 0.605159 0.677778 0.605952 0.640741 0.589286 0.589947 0.555159 0.507407 0.543254 0.477778 0.548810 0.476720 0.544048 0.464021 0.529762 0.456614 0.507540 0.432275 0.479762 0.431217 
0 0.050397 0.327513 0.211508 0.329630 0.309127 0.329630 0.408333 0.323280 0.413095 0.337037 0.399603 0.341270 0.055159 0.349735 0.044841 0.349735 
0 0.435317 0.327513 0.615476 0.320106 0.615476 0.333862 0.433730 0.342328 
0 0.629762 0.322222 0.693254 0.321164 0.697222 0.338095 0.628175 0.337037 
0 0.713889 0.321164 0.903571 0.313757 0.909921 0.326455 0.878968 0.323280 0.848016 0.322222 0.828175 0.332804 0.716270 0.335979 
