0 0.018877 0.580116 0.008272 0.546264 0.001202 0.531595 0.002616 0.349923 0.013928 0.346538 0.019584 0.389417 0.022412 0.389417 0.019584 0.355565 0.097356 0.358950 0.101598 0.389417 0.106547 0.390545 0.102305 0.356693 0.189975 0.363464 0.192803 0.401829 0.199166 0.401829 0.195631 0.365720 0.291077 0.374748 0.294613 0.409728 0.300269 0.409728 0.297441 0.375876 0.407028 0.384903 0.409856 0.422140 0.416219 0.424397 0.414098 0.387160 0.529341 0.391674 0.528634 0.428911 0.537118 0.425526 0.537825 0.396187 0.674986 0.405214 0.675693 0.441323 0.680642 0.441323 0.682763 0.405214 0.773261 0.415370 0.762656 0.591400 0.752050 0.615097 0.752050 0.628638 0.749222 0.648949 0.742152 0.664747 0.744273 0.678287 0.723063 0.647820 0.703973 0.653462 0.678521 0.643307 0.674986 0.663618 0.660139 0.650077 0.652361 0.638793 0.644584 0.634280 0.633979 0.651206 0.633979 0.670389 0.622667 0.661361 0.616304 0.655719 0.606406 0.661361 0.596507 0.655719 0.581660 0.655719 0.561864 0.655719 0.551258 0.637665 0.542774 0.656848 0.535704 0.663618 0.522978 0.670389 0.515908 0.651206 0.506717 0.634280 0.491162 0.644435 0.489748 0.654591 0.480557 0.662490 0.472780 0.663618 0.463589 0.639922 0.464296 0.625252 0.443085 0.621867 0.440257 0.644435 0.432480 0.648949 0.427531 0.626381 0.416926 0.621867 0.414805 0.633151 0.410563 0.650077 0.406321 0.655719 0.399251 0.633151 0.386524 0.626381 0.371677 0.626381 0.359658 0.634280 0.343396 0.645564 0.332791 0.660233 0.318651 0.663618 0.315116 0.635408 0.305218 0.603813 0.296027 0.589144 0.276937 0.581245 0.250778 0.576731 0.244415 0.560934 0.238051 0.538366 0.235930 0.521440 0.230981 0.505642 0.225325 0.493230 0.222497 0.484202 0.216134 0.469533 0.204822 0.449222 0.190682 0.443580 0.173713 0.443580 0.151796 0.448094 0.139777 0.450350 0.111496 0.455992 0.084630 0.465020 0.070489 0.470662 0.052107 0.479689 0.041502 0.501128 0.035139 0.530467 0.028068 0.550778 0.023119 0.569961 
0 0.669330 0.766303 0.672865 0.731322 0.675693 0.705369 0.684884 0.697470 0.689833 0.714396 0.692661 0.764046 0.700438 0.794513 0.702559 0.828365 0.696196 0.846419 0.689833 0.849804 0.672158 0.854318 0.668623 0.824979 0.669330 0.786614 
0 0.822752 0.415370 0.843255 0.418755 0.843255 0.459378 0.848911 0.459378 0.850325 0.417627 0.875071 0.421012 0.917492 0.527082 0.900523 0.530467 0.884969 0.529338 0.871536 0.529338 0.842548 0.530467 0.824873 0.537237 0.816389 0.540622 0.813561 0.546264 
0 0.954963 0.433424 0.993142 0.432296 0.991728 0.524825 0.972639 0.525953 0.960619 0.525953 0.952135 0.530467 0.942237 0.516926 
0 0.958498 0.415370 0.991021 0.421012 0.991021 0.322841 0.978295 0.322841 0.966275 0.320584 0.962033 0.356693 0.957791 0.402958 
0 0.969104 0.313814 0.990314 0.317199 0.990314 0.234826 0.982537 0.223542 0.976881 0.228055 
0 0.001202 0.345409 0.774675 0.404086 0.784573 0.313814 0.696196 0.317199 0.696196 0.353308 0.689126 0.353308 0.689833 0.316071 0.581660 0.313814 0.580246 0.345409 0.575297 0.346538 0.574590 0.312685 0.491162 0.308172 0.489041 0.329611 0.481971 0.329611 0.481971 0.308172 0.308753 0.301401 0.306632 0.312685 0.302390 0.313814 0.301683 0.299145 0.226739 0.295759 0.228860 0.317199 0.222497 0.319456 0.220376 0.294631 0.149675 0.288989 0.153210 0.316071 0.147554 0.310429 0.145433 0.292374 0.084630 0.288989 0.082508 0.300273 0.078266 0.299145 0.076852 0.288989 0.016049 0.287861 0.018170 0.309300 0.013221 0.312685 0.010393 0.290117 0.000495 0.287861 
0 0.836185 0.314942 0.829822 0.325098 0.822752 0.402958 0.872950 0.408600 
0 0.782452 0.308172 0.787401 0.279962 0.780331 0.259651 0.787401 0.252880 0.792350 0.231441 0.789522 0.222413 0.650240 0.226927 0.648119 0.259651 0.642463 0.303658 
0 0.639635 0.305915 0.643877 0.264164 0.635393 0.264164 0.633979 0.258522 0.636807 0.249495 0.643877 0.248367 0.648119 0.223542 0.583074 0.224670 0.579539 0.261907 0.576711 0.300273 
0 0.572469 0.301401 0.574590 0.267549 0.572469 0.267549 0.566813 0.263036 0.566106 0.249495 0.575297 0.247238 0.578125 0.244981 0.578832 0.223542 0.518029 0.226927 0.508131 0.246110 0.515201 0.250623 0.512373 0.257394 0.508838 0.257394 0.501768 0.299145 
0 0.500354 0.299145 0.510252 0.222413 0.460761 0.226927 0.452277 0.246110 0.457933 0.249495 0.454398 0.258522 0.450156 0.258522 0.443085 0.295759 
0 0.439550 0.294631 0.445913 0.259651 0.445913 0.251752 0.451570 0.242725 0.455105 0.228055 0.396423 0.231441 0.394301 0.243853 0.399251 0.246110 0.395715 0.257394 0.393594 0.256265 0.387938 0.293503 
0 0.387231 0.292374 0.389352 0.259651 0.385110 0.254009 0.390766 0.248367 0.391473 0.226927 0.344811 0.230312 0.341982 0.239339 0.345518 0.248367 0.341275 0.258522 0.337033 0.258522 0.329963 0.291246 
0 0.325014 0.290117 0.333498 0.258522 0.333498 0.243853 0.339154 0.241596 0.342689 0.229184 0.297441 0.228055 0.291077 0.244981 0.296734 0.255137 0.292492 0.261907 0.284714 0.259651 0.277644 0.290117 
0 0.275523 0.287861 0.281886 0.260779 0.282593 0.249495 0.286835 0.248367 0.294613 0.228055 0.252192 0.228055 0.245122 0.246110 0.246536 0.254009 0.240173 0.260779 0.238051 0.260779 0.227446 0.284475 
0 0.220376 0.282219 0.236637 0.258522 0.235223 0.251752 0.231688 0.239339 0.239465 0.241596 0.244415 0.229184 0.194217 0.223542 0.191389 0.235954 0.197752 0.255137 0.191389 0.256265 0.185732 0.284475 
0 0.180076 0.282219 0.187146 0.259651 0.187854 0.225799 0.160987 0.230312 0.151089 0.234826 0.154624 0.248367 0.148261 0.252880 0.147554 0.260779 0.142605 0.283347 
0 0.140484 0.284475 0.144726 0.251752 0.145433 0.242725 0.146140 0.233697 0.036553 0.231441 0.033725 0.248367 0.031604 0.260779 0.026654 0.259651 0.018877 0.276577 
0 0.016756 0.277705 0.023826 0.251752 0.023119 0.239339 0.029482 0.237083 0.030896 0.232569 0.007565 0.230312 0.004030 0.230312 0.009389 0.252911 0.001909 0.276577 
