0 0.008380 0.148548 0.410615 0.259593 0.408896 0.374073 0.000000 0.223216 0.000000 0.151983 
0 0.431242 0.269897 0.554147 0.303096 0.542974 0.706063 0.408896 0.757579 0.093468 0.590439 0.133863 0.582425 0.157929 0.566398 0.144177 0.537778 0.123550 0.521751 0.123550 0.500000 0.111517 0.498855 0.096046 0.479394 0.076278 0.471380 0.035024 0.471380 -0.000000 0.475866 0.000000 0.247001 0.426085 0.395824 
0 0.590245 0.311109 0.929738 0.416430 0.941771 0.426733 0.998462 0.432127 0.998462 0.488552 0.561023 0.695760 0.571336 0.399258 0.611732 0.422154 0.636657 0.433602 0.664160 0.415285 0.673614 0.403837 0.646111 0.385521 0.618608 0.370638 0.612591 0.361480 0.602278 0.350032 0.573915 0.344308 0.574774 0.314543 
0 0.705955 0.674228 0.927153 0.560909 0.951258 0.566575 0.970401 0.582628 0.961184 0.604348 0.786778 0.685559 0.771180 0.677061 0.748493 0.675172 0.717299 0.700669 0.699575 0.687448 
0 0.470578 0.784713 0.537930 0.761105 0.535094 0.824375 0.475541 0.794157 
0 0.005934 0.645199 0.275824 0.813817 0.000000 0.930414 0.000000 0.662763 
0 0.205495 0.906323 0.324176 0.854801 0.347033 0.862998 0.398901 0.887588 0.322418 0.933255 0.281978 0.909836 0.210769 0.946136 
0 0.023186 0.992675 0.118112 0.950529 0.144299 0.972329 0.155210 0.986862 
0 0.380968 0.828505 0.404178 0.816139 0.410809 0.832038 0.423408 0.826738 0.424735 0.822322 0.475796 0.844404 0.445292 0.866485 
0 0.005637 0.591789 0.051393 0.611221 0.051393 0.620937 0.065981 0.634186 0.069960 0.622704 0.099801 0.635069 0.099801 0.652735 0.115716 0.665984 0.119032 0.651851 0.156167 0.666867 0.154841 0.688949 0.170093 0.693365 0.170093 0.675700 0.209881 0.694248 0.211207 0.715447 0.223806 0.721629 0.227122 0.708380 0.269562 0.729579 0.270889 0.753427 0.286141 0.755194 0.285477 0.741061 0.333886 0.764910 0.337865 0.779925 0.343170 0.783458 0.323939 0.790524 0.005637 0.606805 
