0 0.001744 0.500000 0.094190 0.485122 0.109824 0.489700 0.105745 0.546923 0.114582 0.572101 0.288598 0.585835 0.347736 0.575535 0.353174 0.629325 0.364050 0.632758 0.366089 0.580113 0.371527 0.577824 0.380364 0.598424 0.436104 0.604146 0.441542 0.720882 0.364730 0.760938 0.285199 0.734616 0.282480 0.703715 0.258689 0.717449 0.161485 0.696848 0.158086 0.685403 0.140412 0.692270 0.079915 0.673959 0.054084 0.695704 0.001744 0.702570 
0 0.518353 0.623602 0.670617 0.652214 0.716160 0.635047 0.738592 0.660225 0.997577 0.722026 0.998256 0.909719 0.499320 0.751783 0.497961 0.684259 0.516314 0.672814 
0 0.493203 0.380976 0.510876 0.375253 0.517673 0.390131 0.565256 0.401576 0.722958 0.378687 0.716160 0.396998 0.720919 0.410732 0.718200 0.447355 0.721598 0.461088 0.740631 0.458799 0.742671 0.479400 0.748788 0.496567 0.824241 0.503433 0.758305 0.532045 0.747429 0.545779 0.737912 0.644203 0.729076 0.635047 0.727716 0.574390 0.720239 0.551501 0.699167 0.542345 0.643427 0.514878 0.635270 0.501144 0.596524 0.464522 0.557099 0.445066 0.508837 0.453077 0.494562 0.443921 
0 0.753547 0.374109 0.816763 0.363809 0.831718 0.368386 0.813365 0.370675 0.807927 0.380976 0.799090 0.392420 0.785495 0.403865 0.763743 0.403865 0.751507 0.398143 
0 0.039819 0.408787 0.102090 0.405117 0.103647 0.429755 0.037640 0.436046 0.033281 0.414029 
0 0.291704 0.392012 0.330001 0.384149 0.327510 0.407214 0.291393 0.411932 
0 0.298243 0.460684 0.346814 0.445482 0.350862 0.506291 0.331246 0.498952 0.310074 0.492137 0.295752 0.473789 
0 0.364250 0.447054 0.435861 0.432901 0.437107 0.469071 0.394140 0.500000 0.382620 0.508387 0.378261 0.531453 0.365806 0.517299 0.363316 0.506291 
0 0.392583 0.376286 0.423718 0.383100 0.424964 0.397254 0.391649 0.395157 
0 0.234727 0.400924 0.263682 0.395682 0.273334 0.390964 0.275203 0.410884 0.260569 0.409835 0.240331 0.415602 
