0 0.996286 0.422017 0.987961 0.424294 0.963627 0.429986 0.940574 0.426571 0.922643 0.431125 0.920722 0.449340 0.901511 0.483493 0.887423 0.508538 0.873335 0.523338 0.851562 0.554076 0.839395 0.562045 0.827869 0.584813 0.822106 0.598474 0.815702 0.590505 0.782403 0.615551 0.781762 0.640597 0.779201 0.658811 0.761911 0.666781 0.756148 0.653119 0.692751 0.722564 0.696593 0.758994 0.700435 0.771516 0.682505 0.793147 0.671619 0.794285 0.660733 0.782901 0.664575 0.769240 0.664575 0.756717 0.542264 0.893329 0.998207 0.896744 0.998437 0.836908 0.998437 0.489185 0.998207 0.450478 0.998437 0.445970 
0 0.165727 0.632628 0.163806 0.609859 0.164447 0.589367 0.149078 0.573429 0.127946 0.587090 0.097208 0.593921 0.075435 0.598474 0.058786 0.598474 0.015241 0.623520 0.001793 0.625797 0.000000 0.735238 0.000512 0.747609 0.150999 0.743056 0.153560 0.745332 0.151639 0.894467 0.215676 0.894467 0.320056 0.825023 0.317495 0.805669 0.312372 0.789731 0.313653 0.774932 0.330943 0.760132 0.342469 0.747609 0.359119 0.751025 0.368084 0.772655 0.370005 0.792008 0.667777 0.599613 0.667777 0.592782 0.623591 0.576844 0.615266 0.585952 0.601178 0.587090 0.588371 0.588229 0.585169 0.511954 0.581327 0.496015 0.553791 0.491462 0.543545 0.491462 0.518571 0.500569 0.514088 0.510815 0.514088 0.536999 0.504483 0.547245 0.491035 0.547245 0.478227 0.534722 0.477587 0.548383 0.462218 0.549522 0.452613 0.526753 0.434042 0.522199 0.411629 0.532445 0.407787 0.617828 0.403304 0.618966 0.394980 0.625797 0.382812 0.625797 0.379611 0.626935 0.375128 0.579121 0.369365 0.551799 0.364882 0.542691 0.359119 0.557491 0.359759 0.591644 0.356557 0.624658 0.350154 0.628074 0.357198 0.535861 0.346952 0.534722 0.329662 0.533584 0.305968 0.539276 0.291880 0.536999 0.285476 0.551799 0.284836 0.574567 0.281634 0.599613 0.279713 0.630351 0.276511 0.636043 0.264985 0.640597 0.252177 0.645150 0.245133 0.630351 0.238730 0.607582 0.234247 0.600751 0.225282 0.589367 0.236168 0.584813 0.232966 0.565460 0.219518 0.559768 0.204150 0.558629 0.187500 0.564321 0.190061 0.581398 0.188140 0.609859 0.188781 0.628074 0.181096 0.640597 0.177254 0.640597 
0 0.841317 0.466416 0.829150 0.470970 0.809939 0.475524 0.793929 0.477801 0.790727 0.455032 0.770236 0.458447 0.774718 0.472108 0.768315 0.490323 0.737577 0.494877 0.708120 0.498292 0.706199 0.488046 0.706199 0.468693 0.651767 0.469832 0.642802 0.482354 0.642162 0.507400 0.631276 0.508538 0.627433 0.482354 0.610784 0.483493 0.589011 0.488046 0.585169 0.502846 0.603740 0.506261 0.619749 0.499431 0.626153 0.532445 0.624232 0.563183 0.631916 0.575706 0.666496 0.591644 0.669057 0.567737 0.681224 0.563183 0.689549 0.577983 0.690190 0.587090 0.767034 0.534722 0.765753 0.519923 0.772797 0.514230 0.779841 0.524476 0.817623 0.507400 0.816342 0.497154 0.822106 0.490323 0.831711 0.496015 0.840676 0.489185 0.843878 0.483493 0.850282 0.470970 0.858607 0.472108 
0 0.585169 0.821607 0.585169 0.683857 0.572362 0.686134 0.574283 0.721425 0.572362 0.762409 0.573642 0.822746 0.574923 0.831853 
0 0.603099 0.796562 0.600538 0.672473 0.590932 0.678165 0.594134 0.810223 
0 0.563397 0.843238 0.561475 0.702072 0.547387 0.712318 0.549949 0.852345 
0 0.533940 0.863730 0.535220 0.718010 0.518571 0.730533 0.521132 0.889913 
0 0.506404 0.892190 0.503202 0.741917 0.491035 0.753301 0.492316 0.895606 
0 0.475026 0.891052 0.474385 0.760132 0.454534 0.779485 0.451972 0.777209 0.453253 0.894467 0.464780 0.896744 
0 0.441086 0.893329 0.436603 0.787454 0.408427 0.804531 0.412269 0.891052 0.426998 0.893329 
0 0.396901 0.896744 0.391137 0.825023 0.373847 0.830715 0.368084 0.837546 0.370645 0.895606 
0 0.323258 0.893329 0.318776 0.862591 0.283555 0.888775 0.270108 0.893329 
0 0.622310 0.772655 0.619749 0.661088 0.610784 0.666781 0.612705 0.790870 
0 0.637039 0.760132 0.635758 0.653119 0.628714 0.653119 0.628074 0.663365 0.629355 0.769240 
0 0.650487 0.744194 0.650487 0.641735 0.640241 0.644012 0.644723 0.752163 
