0 0.534044 0.431515 0.534693 0.386625 0.534044 0.375115 0.521723 0.382021 0.511996 0.384323 0.507457 0.379719 0.497082 0.375115 0.496433 0.414250 0.502918 0.431515 0.518481 0.433817 
0 0.691619 0.420005 0.687080 0.376266 0.672814 0.377417 0.668275 0.376266 0.668923 0.413099 0.684486 0.418854 
0 0.737660 0.416552 0.738308 0.382021 0.725339 0.377417 0.715612 0.377417 0.709128 0.380870 0.703292 0.382021 0.701346 0.391229 0.700698 0.417703 0.702643 0.425760 0.713018 0.425760 0.727933 0.422307 
0 0.794724 0.391229 0.791482 0.380870 0.783700 0.383172 0.766192 0.383172 0.755817 0.383172 0.748684 0.382021 0.748035 0.416552 0.748035 0.422307 0.776567 0.417703 0.786943 0.416552 0.792779 0.410797 
0 0.840116 0.383172 0.815475 0.383172 0.808990 0.383172 0.805099 0.383172 0.803803 0.411948 0.813529 0.398135 0.821311 0.394682 0.831038 0.402739 0.840116 0.403890 0.839468 0.395833 
0 0.995746 0.398135 0.987965 0.390078 0.982128 0.390078 0.971753 0.395833 0.958784 0.406192 0.944518 0.399286 0.941924 0.406192 0.924416 0.405041 0.904962 0.400437 0.909501 0.386625 0.904314 0.383172 0.899774 0.380870 0.886805 0.382021 0.883563 0.385474 0.863461 0.386625 0.855031 0.386625 0.853085 0.386625 0.850492 0.394682 0.849843 0.413099 0.839468 0.423458 0.832335 0.416552 0.817420 0.417703 0.806396 0.421156 0.794076 0.429213 0.778513 0.428062 0.750629 0.429213 0.740254 0.429213 0.729230 0.429213 0.719503 0.430364 0.706534 0.430364 0.701346 0.446478 0.694862 0.447629 0.615101 0.461441 0.526911 0.463743 0.519778 0.463743 0.531450 0.484461 0.533396 0.497122 0.596296 0.517841 0.602781 0.493669 0.611859 0.485612 0.623531 0.486763 0.627422 0.499424 0.634555 0.532804 0.637149 0.553522 0.639094 0.576542 0.646876 0.588052 0.652712 0.573089 0.655954 0.568485 0.663736 0.559277 0.674759 0.562730 0.693565 0.559277 0.710425 0.555824 0.724691 0.552371 0.729878 0.540861 0.737660 0.533955 0.738308 0.521294 0.727285 0.522445 0.725988 0.506331 0.730527 0.492518 0.736363 0.478706 0.744144 0.472951 0.757114 0.466045 0.772028 0.470649 0.773973 0.478706 0.781107 0.491367 0.775919 0.498273 0.770083 0.521294 0.768786 0.533955 0.799912 0.560428 0.814826 0.596110 0.830389 0.643301 0.851140 0.676680 0.995098 0.688191 0.998826 0.689845 0.998826 0.452233 0.998826 0.426911 
0 0.996395 0.691644 0.856328 0.674378 0.848546 0.674378 0.841413 0.667472 0.831038 0.669774 0.820662 0.669774 0.812881 0.664019 0.803154 0.649056 0.799263 0.630640 0.794076 0.624885 0.789536 0.622583 0.788888 0.700852 0.784349 0.725023 0.780458 0.748043 0.774622 0.753798 0.725339 0.776819 0.725988 0.826312 0.724691 0.833218 0.829092 0.832067 0.836225 0.824010 0.839468 0.819406 0.844655 0.811349 0.859570 0.814802 0.868648 0.813651 0.868648 0.815953 0.863461 0.825161 0.864109 0.832067 0.998826 0.832067 
0 0.768137 0.757251 0.747387 0.745741 0.737660 0.738835 0.730527 0.726174 0.736363 0.658264 0.731175 0.642150 0.726636 0.619130 0.725339 0.603016 0.722745 0.599563 0.714315 0.597261 0.703292 0.592657 0.685783 0.592657 0.664384 0.592657 0.654657 0.589203 0.648821 0.593808 0.657251 0.637546 0.653360 0.652509 0.654657 0.670925 0.652063 0.675529 0.654657 0.725023 0.722745 0.779121 0.724042 0.771064 0.735066 0.769913 0.747387 0.766459 0.761653 0.760704 
0 0.646227 0.586901 0.641688 0.577693 0.638446 0.560428 0.637797 0.538559 0.633907 0.524747 0.630664 0.513237 0.627422 0.527049 0.629367 0.544314 0.632610 0.563881 0.637149 0.579995 
0 0.720800 0.774517 0.653360 0.726174 0.635852 0.731929 0.625477 0.731929 0.607320 0.729627 0.594351 0.723872 0.579436 0.718117 0.567115 0.711211 0.563225 0.705456 0.561279 0.691644 0.561279 0.668623 0.561928 0.651358 0.569709 0.638697 0.563225 0.637546 0.563225 0.627187 0.565170 0.615677 0.560631 0.599563 0.557389 0.576542 0.556092 0.559277 0.563225 0.544314 0.574248 0.527049 0.582030 0.524747 0.594351 0.521294 0.587866 0.512086 0.533396 0.501727 0.530802 0.514388 0.526911 0.525898 0.523020 0.554673 0.523020 0.573089 0.524317 0.592657 0.525614 0.606469 0.516536 0.617979 0.511348 0.635244 0.510051 0.651358 0.509403 0.670925 0.458823 0.678983 0.444557 0.673227 0.440666 0.643301 0.445205 0.632942 0.451041 0.616828 0.451041 0.603016 0.444557 0.596110 0.441963 0.575391 0.439369 0.554673 0.439369 0.536257 0.446502 0.528200 0.454932 0.513237 0.451041 0.504029 0.337561 0.536257 0.315514 0.535106 0.298005 0.544314 0.295412 0.546616 0.298005 0.568485 0.298654 0.579995 0.283739 0.591506 0.266231 0.593808 0.244183 0.590355 0.245480 0.575391 0.246777 0.561579 0.240941 0.581146 0.231214 0.570787 0.226675 0.565032 0.226675 0.554673 0.222784 0.548918 0.000000 0.586743 0.000000 0.997813 0.000000 0.997917 0.063912 0.996662 0.063264 0.703154 0.215003 0.706607 0.215651 0.766459 0.216948 0.775668 0.583327 0.776819 0.713667 0.780272 
