0 0.000000 0.373355 0.029899 0.389803 0.058933 0.396382 0.102792 0.413925 0.146652 0.436952 0.177539 0.436952 0.211515 0.462171 0.234371 0.454496 0.267729 0.491776 0.310971 0.491776 0.336298 0.508224 0.375834 0.519189 0.449963 0.540022 0.480232 0.540022 0.523474 0.558662 0.532740 0.574013 0.998826 0.726425 0.998826 0.997917 0.000000 0.997917 0.000000 0.972039 0.967630 0.968750 0.967013 0.751645 0.414752 0.756031 0.414752 0.688048 0.032987 0.686952 0.033605 0.997917 0.000000 0.997917 
0 0.000000 0.950110 0.000000 0.997917 0.046578 0.997259 0.029899 0.956689 
0 0.384482 0.024671 0.388189 0.189145 0.428342 0.199013 0.427106 0.029057 
0 0.440697 0.030154 0.440697 0.199013 0.483939 0.204496 0.485792 0.035636 
0 0.342476 0.020285 0.370892 0.025768 0.376452 0.185855 0.341858 0.178180 0.343711 0.166118 0.343711 0.124452 0.348653 0.131031 0.343711 0.088268 0.336916 0.087171 0.333828 0.034539 0.338769 0.034539 
0 0.273289 0.102522 0.278231 0.162829 0.272053 0.165022 0.262170 0.160636 0.262787 0.123355 0.267729 0.121162 
0 0.284408 0.013706 0.312824 0.016996 0.314060 0.027961 0.311589 0.037829 0.307882 0.038925 0.304176 0.067434 0.297999 0.066338 0.294292 0.034539 0.285026 0.031250 
0 0.372745 0.000000 0.370892 0.006031 0.453669 0.012610 0.453622 0.000000 
0 0.469731 0.002741 0.470348 0.016996 0.493823 0.016996 0.494440 0.000000 
0 0.648258 0.000548 0.647640 0.025768 0.655053 0.032346 0.674203 0.030154 0.680381 0.000000 
0 0.649493 0.080592 0.669879 0.090461 0.656906 0.211075 0.640227 0.209978 0.642081 0.168311 
0 0.715592 0.095943 0.705090 0.218750 0.749568 0.224232 0.761305 0.100329 
0 0.797751 0.102522 0.786632 0.222039 0.850259 0.238487 0.861379 0.168311 0.811959 0.166118 0.805164 0.152961 0.802693 0.131031 0.813195 0.118969 0.863232 0.115680 0.865085 0.105811 
