0 0.017120 0.261929 0.074959 0.264975 0.081047 0.278173 0.144213 0.278173 0.155629 0.262944 0.278157 0.261929 0.287289 0.246701 0.322297 0.248731 0.342084 0.198985 0.353500 0.149239 0.361110 0.148223 0.364915 0.168528 0.367959 0.205076 0.366437 0.230457 0.364154 0.248731 0.367959 0.265990 0.382419 0.275127 0.407534 0.279188 0.407534 0.291371 0.381658 0.288325 0.374048 0.290355 0.363393 0.286294 0.358827 0.249746 0.347411 0.249746 0.357305 0.296447 0.370243 0.283249 0.365676 0.311675 0.369482 0.337056 0.369482 0.356345 0.404489 0.359391 0.401445 0.340102 0.410578 0.336041 0.420471 0.346193 0.432648 0.344162 0.441780 0.329949 0.437214 0.299492 0.421993 0.292386 0.422754 0.283249 0.446347 0.282234 0.450152 0.328934 0.510274 0.329949 0.518645 0.299492 0.498097 0.283249 0.454718 0.280203 0.455479 0.263959 0.466134 0.262944 0.469178 0.273096 0.522451 0.279188 0.533866 0.271066 0.557459 0.270051 0.574963 0.281218 0.625952 0.275127 0.633563 0.317766 0.684552 0.330964 0.535388 0.339086 0.542999 0.368528 0.998501 0.360406 0.996579 0.404061 0.987447 0.418274 0.987447 0.438579 0.971465 0.446701 0.974509 0.425381 0.961571 0.403046 0.913626 0.412183 0.909820 0.422335 0.889272 0.430457 0.890033 0.457868 0.881662 0.465990 0.891555 0.504569 0.870246 0.517766 0.862636 0.509645 0.869485 0.485279 0.869485 0.462944 0.864919 0.435533 0.846654 0.424365 0.804036 0.437563 0.796425 0.450761 0.784249 0.457868 0.785771 0.482234 0.776638 0.487310 0.775877 0.502538 0.756090 0.512690 0.753046 0.496447 0.760656 0.483249 0.762179 0.459898 0.753046 0.444670 0.743153 0.435533 0.708906 0.446701 0.699773 0.462944 0.684552 0.468020 0.687597 0.489340 0.673898 0.501523 0.678464 0.531980 0.747719 0.521827 0.749241 0.537056 0.668571 0.540102 0.661721 0.516751 0.606165 0.512690 0.603121 0.473096 0.589422 0.468020 0.554414 0.464975 0.538433 0.477157 0.522451 0.482234 0.523973 0.519797 0.575724 0.521827 0.578768 0.535025 0.528614 0.538384 0.514840 0.519797 0.517884 0.494416 0.508752 0.475127 0.503425 0.477157 0.498097 0.497462 0.501142 0.518782 0.530061 0.539086 0.307837 0.539086 0.308598 0.513706 0.294900 0.494416 0.247715 0.497462 0.240105 0.508629 0.221079 0.519797 0.223362 0.541117 0.107683 0.546193 0.098551 0.526904 0.000000 0.520812 0.000000 0.456853 0.404489 0.448731 0.430365 0.471066 0.491248 0.427411 0.492009 0.407107 0.476788 0.395939 0.454718 0.395939 0.402206 0.445685 0.000000 0.487310 0.000000 0.375635 0.210424 0.374619 0.214990 0.358376 0.226406 0.322843 0.219556 0.295431 0.158673 0.291371 0.155629 0.317766 0.156390 0.329949 0.224600 0.329293 0.220435 0.343939 0.149541 0.341117 0.148019 0.327919 0.148780 0.318782 0.141930 0.299492 0.131276 0.308629 0.138125 0.325888 0.141930 0.330964 0.141930 0.343147 0.001138 0.354315 0.000000 0.339086 0.086374 0.337056 0.092463 0.313706 0.080286 0.302538 0.046800 0.298477 0.037668 0.308629 0.022447 0.308629 0.011792 0.295431 0.001899 0.293401 0.003421 0.268020 
0 0.119099 0.573604 0.262936 0.576650 0.265219 0.601015 0.254564 0.692386 0.224884 0.689340 0.224123 0.664975 0.210424 0.659898 0.198247 0.646701 0.183788 0.656853 0.166284 0.658883 0.143452 0.663959 0.119099 0.661929 0.100073 0.661929 0.100073 0.700508 0.087135 0.700508 0.078003 0.679188 0.058977 0.656853 0.055933 0.618274 0.103117 0.619289 
0 0.278157 0.573604 0.565069 0.574619 0.808602 0.580711 0.820779 0.615228 0.841327 0.648731 0.842088 0.661929 0.788815 0.621320 0.753046 0.650761 0.728693 0.637563 0.634324 0.676142 0.611492 0.675127 0.590183 0.656853 0.549848 0.653807 0.527778 0.690355 0.507991 0.655838 0.508752 0.605076 0.470700 0.589848 0.453957 0.612183 0.447869 0.651777 0.423515 0.663959 0.420471 0.682234 0.412100 0.694416 0.403728 0.686294 0.380136 0.665990 0.367198 0.656853 0.356544 0.656853 0.332952 0.654822 0.315448 0.670051 0.299466 0.676142 0.274351 0.683249 0.267502 0.670051 
0 0.871007 0.578680 0.914387 0.572589 0.892317 0.585787 0.875574 0.586802 0.883184 0.626396 0.866441 0.620305 
0 0.912865 0.590863 0.899166 0.593909 0.893078 0.630457 0.901449 0.633503 0.905254 0.617259 0.909059 0.611168 
0 0.367959 0.909645 0.393835 0.917766 0.396118 0.935025 0.414383 0.941117 0.450913 0.939086 0.468417 0.884264 0.464612 0.808122 0.452435 0.815228 0.448630 0.855838 0.415905 0.902538 
0 0.472222 0.794924 0.476027 0.881218 0.495814 0.883249 0.507230 0.834518 0.485160 0.833503 
0 0.858831 0.655838 0.866441 0.648731 0.882423 0.650761 0.890033 0.672081 0.898405 0.670051 0.916670 0.656853 0.907537 0.741117 0.898405 0.717766 0.888511 0.693401 0.866441 0.696447 
0 0.972226 0.825381 0.976792 0.812183 0.979075 0.845685 0.982880 0.862944 0.961571 0.865990 0.941784 0.858883 0.945589 0.829442 0.967660 0.841624 
0 0.791098 0.895431 0.771311 0.910660 0.769028 0.947208 0.794142 0.949239 0.806319 0.937056 0.809363 0.900508 
0 0.888511 0.900508 0.982119 0.903553 0.977553 0.930964 0.964615 0.946193 0.948634 0.944162 0.934174 0.930964 0.885467 0.932995 
0 0.000000 0.434518 0.000000 0.509645 0.386224 0.468020 0.369482 0.431472 
