0 0.037263 0.377541 0.058266 0.375508 0.058943 0.419207 0.070461 0.416159 0.071138 0.374492 0.119241 0.373476 0.117886 0.398882 0.123306 0.437500 0.104336 0.465955 0.103659 0.490346 0.000000 0.509654 0.000000 0.463923 0.013550 0.453760 0.012873 0.421240 0.018293 0.421240 0.019648 0.382622 0.016938 0.378557 0.019648 0.374492 0.023713 0.373476 0.025745 0.441565 0.036585 0.441565 
0 0.163957 0.396850 0.176829 0.392785 0.182927 0.403963 0.175474 0.408028 0.180217 0.418191 0.176152 0.429370 
0 0.203930 0.373476 0.286585 0.368394 0.277778 0.381606 0.269648 0.434451 0.275745 0.437500 0.284553 0.452744 0.279810 0.482215 0.275068 0.477134 0.207995 0.482215 0.190379 0.480183 0.190379 0.457825 0.197832 0.452744 0.197832 0.447663 0.186314 0.439533 0.189702 0.423272 0.195122 0.424289 0.198509 0.410061 0.190379 0.395833 
0 0.528455 0.365346 0.599593 0.354167 0.583333 0.380589 0.590786 0.396850 0.611789 0.392785 0.623306 0.400915 0.623306 0.416159 0.527100 0.439533 0.522358 0.405996 0.508130 0.393801 0.508808 0.386687 0.526423 0.382622 
0 0.537263 0.283028 0.556233 0.283028 0.557588 0.302337 0.535908 0.309451 
0 0.564363 0.283028 0.571816 0.280996 0.573848 0.302337 0.566396 0.305386 
0 0.581301 0.284045 0.609079 0.284045 0.607724 0.320630 0.602981 0.325711 0.586043 0.306402 0.580623 0.306402 
0 0.628049 0.282012 0.656504 0.279980 0.655149 0.291159 0.628049 0.296240 
0 0.737805 0.276931 0.772358 0.273882 0.793360 0.296240 0.806911 0.302337 0.804878 0.289126 0.817073 0.295224 0.813008 0.313516 0.813008 0.318598 0.774390 0.326728 0.784553 0.348069 0.798103 0.361280 0.797425 0.373476 0.792005 0.377541 0.784553 0.365346 0.770325 0.362297 0.762873 0.384654 0.684959 0.411077 0.685637 0.404980 0.680894 0.386687 0.693089 0.384654 0.696477 0.381606 0.703252 0.380589 0.701897 0.368394 0.675474 0.340955 0.682927 0.321646 0.707317 0.324695 0.750678 0.322663 0.746612 0.310467 0.747290 0.303354 0.741870 0.296240 
0 0.872629 0.372459 0.915989 0.354167 0.919377 0.375508 0.924797 0.387703 0.936314 0.374492 0.943767 0.382622 0.943089 0.368394 0.951220 0.350102 0.961382 0.359248 0.963415 0.338923 0.998333 0.339939 0.998333 0.446646 0.913279 0.436484 0.842818 0.442581 0.842141 0.409045 0.823171 0.394817 0.824526 0.385671 0.837398 0.394817 0.864499 0.413110 0.876694 0.412093 0.880081 0.408028 
0 0.855691 0.329776 0.865176 0.352134 0.903117 0.340955 0.905827 0.328760 0.896341 0.311484 0.886179 0.328760 0.881436 0.327744 0.872629 0.340955 0.867209 0.326728 
0 0.691057 0.456809 0.684959 0.447663 0.756098 0.419207 0.754743 0.478150 0.760840 0.494411 0.753521 0.654331 0.737872 0.646115 0.731612 0.641420 0.727700 0.643768 0.720657 0.649636 0.719875 0.654331 0.715180 0.649636 0.712060 0.645833 0.703252 0.645833 0.702660 0.617946 0.701220 0.580793 0.705962 0.568598 0.703252 0.540142 0.716802 0.521850 0.716802 0.507622 0.713415 0.506606 0.701220 0.461890 
0 0.323848 0.379573 0.344851 0.380589 0.348238 0.440549 0.361111 0.436484 0.367886 0.504573 0.358401 0.496443 0.355691 0.476118 0.319783 0.471037 0.319783 0.454776 0.319783 0.446646 0.331978 0.424289 0.330623 0.397866 0.327236 0.395833 
0 0.515649 0.514660 0.532081 0.499401 0.548513 0.492359 0.571987 0.485317 0.593897 0.477101 0.598592 0.478275 0.597027 0.495880 0.592332 0.509965 0.584507 0.532265 0.575900 0.542829 0.570423 0.555739 0.567293 0.578040 0.574335 0.590951 0.580595 0.596819 0.575117 0.622641 0.563380 0.642594 0.510955 0.634378 0.506260 0.619120 0.506260 0.606209 0.506260 0.589777 0.507042 0.568650 0.507825 0.545176 0.513302 0.531092 
0 0.358372 0.371467 0.356808 0.407852 0.373239 0.404331 0.376369 0.423110 0.372457 0.430153 0.371674 0.454800 0.374804 0.472406 0.377934 0.501749 0.378717 0.521702 0.378717 0.536960 0.370892 0.551045 0.367762 0.562782 0.369327 0.572171 0.359155 0.586256 0.333333 0.593298 0.325509 0.600340 0.327856 0.610904 0.356808 0.613251 0.379499 0.610904 0.406103 0.606209 0.430360 0.606209 0.457746 0.609730 0.480438 0.614425 0.487480 0.612077 0.489828 0.597993 0.482003 0.587430 0.480438 0.573345 0.474961 0.551045 0.478091 0.524049 0.477308 0.500575 0.470266 0.491185 0.462441 0.494707 0.455399 0.517007 0.450704 0.538134 0.446009 0.554566 0.444444 0.554566 0.442879 0.544002 0.435837 0.533439 0.427230 0.535786 0.430360 0.497054 0.428795 0.479448 0.431142 0.464190 0.432707 0.458322 0.445227 0.455974 0.451487 0.452453 0.456964 0.444237 0.460876 0.437195 0.462441 0.425458 0.467919 0.413721 0.471049 0.411373 0.480438 0.400810 0.487480 0.390246 0.477308 0.382031 0.462441 0.378509 0.440532 0.377336 0.438185 0.370293 0.417840 0.370293 0.384194 0.371467 
