0 0.432236 0.643301 0.415376 0.624885 0.408892 0.585750 0.398516 0.521294 0.393977 0.416552 0.388141 0.400437 0.355718 0.410797 0.316811 0.424609 0.301896 0.416552 0.289575 0.399286 0.281145 0.387776 0.279849 0.377417 0.261692 0.296846 0.259746 0.227785 0.264286 0.144913 0.282442 0.072399 0.004254 0.014848 0.001660 0.013697 0.001012 0.093117 0.074936 0.086211 0.085311 0.079305 0.098280 0.072399 0.106710 0.072399 0.120976 0.086211 0.129406 0.094268 0.130703 0.106929 0.135242 0.120741 0.141079 0.113835 0.149508 0.114986 0.156642 0.120741 0.153399 0.125345 0.152102 0.136855 0.155345 0.146064 0.161829 0.152970 0.164423 0.143762 0.165720 0.133402 0.167017 0.117288 0.168962 0.111533 0.196197 0.111533 0.194901 0.126496 0.191658 0.147215 0.191658 0.161027 0.188416 0.174839 0.223433 0.836671 0.224081 0.842426 0.239644 0.841275 0.252613 0.841275 0.255207 0.852785 0.261692 0.848181 0.265582 0.842426 0.288927 0.847030 0.298005 0.841275 0.305138 0.841275 0.317459 0.843577 0.327186 0.844728 0.342749 0.843577 0.350530 0.837822 0.357015 0.842426 0.364148 0.843577 0.374523 0.840124 0.382953 0.836671 0.402407 0.836671 0.417322 0.836671 0.438721 0.841275 0.449745 0.842426 0.452987 0.767610 0.453635 0.715815 0.450393 0.676680 0.442611 0.654811 
0 0.185174 0.182896 0.179986 0.169084 0.176744 0.162178 0.172204 0.161027 0.163126 0.162178 0.150805 0.162178 0.141727 0.166782 0.133297 0.162178 0.135242 0.133402 0.131352 0.133402 0.122273 0.161027 0.113843 0.175990 0.095686 0.175990 0.076881 0.163329 0.071694 0.147215 0.067154 0.134553 0.066506 0.118439 0.066506 0.096570 0.076233 0.087362 0.001660 0.091966 0.000000 0.861027 0.000956 0.997917 0.221487 0.997917 0.221487 0.919544 0.222784 0.909185 0.222136 0.902279 0.220839 0.893071 0.217597 0.880410 0.216300 0.865447 0.215651 0.850483 0.217597 0.835520 0.224081 0.842426 
0 0.189713 0.189802 0.183877 0.182896 0.198791 0.421156 
0 0.589163 0.388927 0.585272 0.372813 0.584624 0.356699 0.582030 0.339434 0.535989 0.203614 0.517833 0.169084 0.512645 0.184047 0.515239 0.195557 0.527559 0.258863 0.528208 0.340585 0.529505 0.421156 0.528856 0.437270 0.561928 0.420005 0.580733 0.406192 
0 0.698752 0.562730 0.685135 0.542012 0.679947 0.509784 0.671517 0.479857 0.663087 0.478706 0.661790 0.474102 0.655954 0.470649 0.641688 0.470649 0.624828 0.472951 0.614453 0.459139 0.603429 0.434968 0.601484 0.426911 0.593054 0.430364 0.584624 0.432666 0.548310 0.451082 0.542474 0.467196 0.537935 0.481008 0.528856 0.482159 0.524966 0.490216 0.530802 0.554673 0.539880 0.573089 0.542474 0.599563 0.534044 0.634093 0.494488 0.639848 0.486058 0.631791 0.477628 0.598412 0.478925 0.563881 0.479574 0.536257 0.484761 0.509784 0.478277 0.469498 0.470495 0.460290 0.467253 0.469498 0.462714 0.497122 0.465307 0.570787 0.456229 0.622583 0.443260 0.653660 0.451041 0.674378 0.454932 0.728476 0.451041 0.789480 0.449096 0.824010 0.443260 0.836671 0.438721 0.843577 0.445205 0.888467 0.440018 0.911487 0.219542 0.912638 0.220190 0.997813 0.220214 0.997917 0.995746 0.997917 0.998826 0.626057 0.997691 0.527049 0.956839 0.561579 0.949706 0.565032 0.942573 0.597261 0.924416 0.647905 0.900423 0.659415 0.881618 0.650207 0.821959 0.640999 0.817420 0.642150 0.758410 0.590355 0.716261 0.574240 0.708479 0.567334 
0 0.997043 0.220879 0.983425 0.220879 0.976941 0.224332 0.987965 0.234692 0.993152 0.241598 0.983425 0.253108 0.977589 0.250806 0.982128 0.284185 0.987965 0.321017 0.987316 0.359001 0.988613 0.400437 0.980832 0.413099 0.963323 0.424609 0.960729 0.432666 0.958136 0.452233 0.960729 0.478706 0.970456 0.486763 0.992504 0.494820 0.998340 0.495971 0.998826 0.446190 0.998826 0.285336 0.998340 0.247353 0.998340 0.233541 
0 0.642985 0.151819 0.567115 0.131100 0.597593 0.187500 0.628070 0.228936 0.631961 0.238145 0.643633 0.180594 0.643633 0.167933 
0 0.916634 0.575391 0.879672 0.531653 0.825850 0.501727 0.812881 0.509784 0.799263 0.513237 0.792779 0.508633 0.784997 0.501727 0.777864 0.498273 0.782403 0.485612 0.770083 0.471800 0.767489 0.477555 0.751926 0.481008 0.744793 0.487914 0.725339 0.476404 0.711722 0.476404 0.698104 0.478706 0.722097 0.567334 0.744793 0.584599 0.815475 0.637546 0.859570 0.658264 0.888102 0.661717 0.901071 0.650207 0.904962 0.638697 0.904314 0.614526 0.908204 0.592657 
0 0.626125 0.261165 0.540529 0.133402 0.532099 0.126496 0.525614 0.136855 0.581381 0.266920 0.590460 0.295695 0.597593 0.316413 0.611859 0.295695 0.623531 0.300299 0.625477 0.279581 
0 0.820031 0.454861 0.834116 0.493750 0.881064 0.515972 0.908451 0.547917 0.921753 0.553472 0.929577 0.509028 0.928013 0.486806 0.883412 0.470139 0.863850 0.463194 0.848200 0.465972 0.842723 0.463194 
0 0.690141 0.427083 0.693271 0.446528 0.719092 0.460417 0.737872 0.460417 0.736307 0.438194 
0 0.685446 0.372917 0.689358 0.388194 0.759781 0.396528 0.753521 0.379861 0.705790 0.367361 
0 0.701878 0.252083 0.693271 0.281250 0.688576 0.314583 0.709703 0.332639 0.727700 0.324306 0.729264 0.318750 
0 0.707355 0.228472 0.737089 0.313194 0.745696 0.324306 0.748826 0.338194 0.759781 0.334028 0.754304 0.297917 0.754304 0.267361 0.743349 0.242361 0.723787 0.196528 
0 0.730829 0.188194 0.754304 0.243750 0.745696 0.167361 
