0 0.296476 0.540234 0.353475 0.534722 0.350377 0.553461 0.354095 0.571098 0.322497 0.554563 0.299574 0.551257 
0 0.108131 0.692350 0.121761 0.684634 0.127337 0.692350 0.131674 0.701168 0.137250 0.714396 0.109370 0.714396 
0 0.137250 0.702271 0.132294 0.685736 0.368344 0.651565 0.378877 0.673611 0.397464 0.669202 0.402420 0.644951 0.411094 0.629519 0.432778 0.620701 0.438974 0.586530 0.441452 0.586530 0.438974 0.563382 0.439593 0.535825 0.440832 0.515983 0.496592 0.511574 0.556689 0.507165 0.556689 0.522597 0.541820 0.535825 0.541820 0.550154 0.539961 0.572200 0.546776 0.590939 0.546776 0.596451 0.541820 0.592041 0.504647 0.615190 0.507125 0.668100 0.524472 0.672509 0.537483 0.658179 0.544298 0.661486 0.544298 0.678020 0.530048 0.676918 0.529429 0.683532 0.510842 0.696759 0.496592 0.724317 0.495973 0.747465 0.502788 0.749669 0.508364 0.723214 0.517657 0.709987 0.527570 0.707782 0.538103 0.751874 0.574037 0.752976 0.596341 0.770613 0.619264 0.789352 0.353475 0.786045 0.352236 0.726521 0.165130 0.724317 0.165130 0.715498 0.142207 0.714396 
0 0.466854 0.452050 0.503408 0.452050 0.504027 0.469687 0.465615 0.472994 0.460658 0.466380 
0 0.514560 0.450948 0.583950 0.439925 0.586428 0.468585 0.576515 0.477403 0.516418 0.465278 
0 0.595721 0.459766 0.595721 0.445437 0.632895 0.441027 0.635373 0.457562 0.597580 0.471892 
0 0.642808 0.439925 0.752469 0.428902 0.753708 0.453153 0.644666 0.456459 
0 0.774773 0.431107 0.780968 0.430004 0.792120 0.447641 0.776632 0.450948 
0 0.572798 0.507165 0.891869 0.477403 0.894967 0.539131 0.901162 0.568893 0.904260 0.592041 0.910456 0.605269 0.943912 0.608576 0.941433 0.477403 0.958781 0.471892 0.998829 0.471892 0.998829 0.897377 0.805751 0.897377 0.802653 0.790454 0.704144 0.789352 0.710959 0.782738 0.702285 0.759590 0.699807 0.724317 0.693611 0.723214 0.668209 0.696759 0.653340 0.687941 0.642808 0.693452 0.620504 0.654872 0.618645 0.627315 0.631036 0.611883 0.640949 0.609678 0.649623 0.593144 0.642808 0.585428 0.604395 0.586530 0.596341 0.598655 0.606873 0.606371 0.609971 0.628417 0.613069 0.651565 0.607493 0.678020 0.606873 0.737544 0.595721 0.740851 0.585808 0.721010 0.564744 0.649361 0.567841 0.646054 0.567841 0.608576 0.562265 0.608576 0.556689 0.603064 0.557309 0.577712 0.562265 0.569996 0.562885 0.561177 0.556070 0.562280 0.550494 0.539131 
0 0.694231 0.768408 0.686176 0.756283 0.676264 0.766204 0.679361 0.777227 0.678742 0.790454 0.696709 0.790454 
0 0.645905 0.726521 0.642808 0.734237 0.637851 0.734237 0.635992 0.746362 0.652720 0.754078 
0 0.650242 0.719907 0.657677 0.715498 0.666351 0.727623 0.663253 0.752976 0.656438 0.751874 
