0 0.992029 0.584323 0.955797 0.579971 0.867391 0.574531 0.845652 0.559298 0.842754 0.546242 0.780435 0.539714 0.755797 0.538626 0.736957 0.520129 0.690580 0.516865 0.667391 0.516865 0.644203 0.499456 0.625362 0.486399 0.623913 0.465727 0.587681 0.461374 0.516667 0.459198 0.460145 0.463551 0.429710 0.474431 0.389130 0.486399 0.341304 0.497280 0.255797 0.509248 0.223913 0.512513 0.180435 0.525569 0.161594 0.531009 0.121014 0.540802 0.087681 0.544066 0.050000 0.549506 0.010870 0.553858 0.000000 0.554946 0.000000 0.554946 0.005072 0.593028 0.058696 0.588676 0.077536 0.582147 0.084783 0.573443 0.093478 0.568003 0.105072 0.561475 0.118116 0.560386 0.139855 0.562563 0.168841 0.563651 0.186232 0.570179 0.194928 0.584323 0.205072 0.589764 
0 0.484783 0.441790 0.455797 0.442878 0.454348 0.459198 0.478986 0.461374 0.487681 0.455934 
0 0.441304 0.467903 0.442754 0.458110 0.434058 0.443966 0.432609 0.454846 
0 0.432609 0.462462 0.405072 0.477695 0.399275 0.463551 0.415217 0.450494 0.402174 0.447230 
0 0.386232 0.485311 0.384783 0.474431 0.374638 0.461374 0.378986 0.451582 0.351449 0.448318 0.347101 0.461374 0.348551 0.475519 0.345652 0.491840 0.360145 0.491840 
0 0.322464 0.500544 0.316667 0.491840 0.315217 0.477695 0.319565 0.453758 0.323913 0.440702 0.261594 0.450494 0.250000 0.458110 0.247101 0.474431 0.239855 0.495104 0.257246 0.509248 
0 0.215217 0.515777 0.215217 0.483135 0.196377 0.451582 0.158696 0.449406 0.151449 0.461374 0.161594 0.494016 0.170290 0.520129 0.170290 0.535361 
0 0.129710 0.534273 0.123913 0.497280 0.135507 0.486399 0.135507 0.460286 0.128261 0.450494 0.097826 0.454846 0.090580 0.455934 0.086232 0.484223 0.081884 0.510336 0.078986 0.535361 0.081884 0.542978 0.100725 0.542978 
0 0.041304 0.547330 0.031159 0.529921 0.035507 0.495104 0.038406 0.460286 0.007971 0.458110 0.000000 0.468084 0.005072 0.523393 0.000000 0.556034 
0 0.993478 0.582147 0.080435 0.587588 0.063043 0.585411 0.013768 0.588676 0.000725 0.591940 0.000725 0.698568 0.026812 0.705096 0.045652 0.706184 0.080435 0.702920 0.106522 0.699656 0.150000 0.700744 0.177536 0.699656 0.196377 0.699656 0.186232 0.689864 0.209420 0.686600 0.213768 0.689864 0.238406 0.695304 0.255797 0.684424 0.770290 0.907473 0.790580 0.908561 0.800725 0.898768 0.815217 0.903121 0.834058 0.907473 0.850000 0.909649 0.855797 0.904209 0.873188 0.899856 0.880435 0.903121 0.890580 0.905297 0.903623 0.908561 0.909420 0.900944 0.965942 0.902032 0.971739 0.909649 0.971739 0.987988 0.973139 0.998498 0.992029 0.998498 0.998000 0.998498 0.998000 0.748618 0.998000 0.668103 0.998000 0.621317 0.998000 0.594116 0.998000 0.581059 0.998000 0.584323 
0 0.773188 0.910737 0.271739 0.692040 0.239855 0.702920 0.210870 0.701832 0.144203 0.710537 0.106522 0.704008 0.064493 0.706184 0.045652 0.718153 0.019565 0.711625 0.002174 0.699656 0.005038 0.998498 0.974638 0.998498 0.973188 0.980372 0.965942 0.979284 0.771739 0.977108 0.764493 0.947730 0.761594 0.936850 0.771739 0.936850 0.764493 0.933586 
