0 0.000000 0.608311 0.058085 0.628651 0.094374 0.581869 0.142963 0.565597 0.173100 0.568648 0.235220 0.555427 0.320097 0.547291 0.328708 0.577801 0.339779 0.588988 0.339779 0.604243 0.307796 0.621532 0.281964 0.658144 0.267818 0.711028 0.259822 0.781202 0.273969 0.802559 0.463404 0.779168 0.464635 0.722215 0.451718 0.670348 0.438187 0.634753 0.410510 0.613396 0.410510 0.605260 0.416045 0.601192 0.410510 0.598141 0.411740 0.588988 0.416045 0.585937 0.416045 0.572716 0.475090 0.645940 0.468940 0.660178 0.493542 0.690688 0.497847 0.685603 0.512609 0.696790 0.506458 0.710011 0.510148 0.737471 0.528600 0.758828 0.544591 0.733402 0.558737 0.717130 0.586415 0.752726 0.590720 0.772049 0.616552 0.772049 0.621473 0.738488 0.735257 0.719164 0.740793 0.683569 0.750634 0.677467 0.750634 0.668314 0.740178 0.672382 0.739563 0.631702 0.746328 0.640855 0.747558 0.622549 0.730952 0.560512 0.710655 0.533053 0.690974 0.521866 0.692819 0.514747 0.690358 0.504577 0.695279 0.500509 0.703890 0.505594 0.714961 0.498474 0.710655 0.478134 0.706350 0.475083 0.644845 0.489321 0.639924 0.473049 0.809063 0.446607 0.855807 0.460845 0.997884 0.445590 0.998499 0.958160 0.967132 0.958160 0.972667 0.932735 0.967132 0.927650 0.965902 0.843239 0.937609 0.857477 0.930844 0.845273 0.810909 0.842222 0.810294 0.953075 0.769700 0.960194 0.769700 0.997925 0.000000 0.997925 
0 0.427731 0.521866 0.441878 0.505594 0.500923 0.492372 0.508918 0.516781 0.488006 0.598141 
0 0.419736 0.540172 0.422811 0.527968 0.491082 0.616447 0.491082 0.637804 0.420351 0.550342 
0 0.281964 0.747641 0.284424 0.734419 0.337319 0.741539 0.349005 0.754760 0.341624 0.765947 0.283194 0.756794 
0 0.284424 0.770015 0.330553 0.770015 0.309026 0.799508 0.286270 0.801542 0.283194 0.783236 
0 0.289345 0.703909 0.285655 0.728317 0.323173 0.728317 
0 0.300416 0.684586 0.294265 0.695773 0.326248 0.726283 
0 0.312102 0.664246 0.305336 0.676450 0.336089 0.729334 
0 0.325633 0.644923 0.315792 0.652042 0.347160 0.741539 0.352695 0.725266 
0 0.331168 0.643906 0.342854 0.633736 0.348390 0.665263 0.350235 0.702892 
0 0.364381 0.633736 0.377297 0.636787 0.363766 0.717130 0.360691 0.706960 
0 0.379757 0.743573 0.430807 0.708994 0.433882 0.737471 
0 0.392058 0.713062 0.422196 0.685603 0.428962 0.702892 0.382218 0.737471 
0 0.411740 0.664246 0.420966 0.676450 0.395749 0.700858 
0 0.380372 0.638821 0.387753 0.651025 0.377912 0.708994 0.364381 0.730351 
0 0.855807 0.883919 0.849042 0.904259 0.842276 0.909344 0.844121 0.956126 0.965286 0.957143 0.954216 0.947990 0.948065 0.932735 0.943760 0.931718 0.933304 0.943922 0.923463 0.943922 0.916697 0.937820 0.922848 0.921548 0.919158 0.921548 0.917928 0.905276 0.921003 0.901208 0.917928 0.891038 0.924693 0.865613 0.925308 0.846290 0.907472 0.867647 0.912392 0.881885 0.907472 0.892055 0.907472 0.943922 0.893325 0.950024 0.892710 0.935786 0.885330 0.930701 0.884100 0.947990 0.875489 0.941888 0.867493 0.941888 0.863188 0.933752 0.865648 0.927650 0.861343 0.911378 0.872414 0.904259 0.871799 0.895106 0.860728 0.891038 0.864418 0.875783 0.871799 0.873749 0.865648 0.853409 0.871184 0.849341 0.887175 0.858494 0.884715 0.882902 0.900091 0.853409 0.914237 0.861545 0.894556 0.827984 0.845966 0.841205 0.845966 0.858494 0.860113 0.859511 0.861958 0.871715 
0 0.807833 0.844256 0.831820 0.843239 0.829975 0.868664 0.817059 0.873749 0.805373 0.886970 
0 0.805988 0.914429 0.826900 0.917480 0.828130 0.944939 0.837356 0.961211 0.802298 0.959177 
0 0.902551 0.833069 0.905626 0.851375 0.915467 0.871715 0.928383 0.832052 
0 0.348390 0.634753 0.350850 0.632719 0.353310 0.646957 0.355770 0.644923 0.355770 0.629668 0.358846 0.630685 0.361921 0.639838 0.357616 0.695773 
