0 0.744414 0.454598 0.733437 0.450000 0.721168 0.444253 0.710190 0.432759 0.683714 0.424713 0.643678 0.421264 0.622369 0.415517 0.609454 0.405172 0.614620 0.391379 0.608808 0.384483 0.596539 0.382184 0.585561 0.389080 0.570709 0.391379 0.568772 0.381034 0.555211 0.370690 0.542942 0.389080 0.531964 0.382184 0.522924 0.374138 0.506780 0.369540 0.493865 0.368391 0.488054 0.368391 0.487408 0.379885 0.479013 0.382184 0.473847 0.399425 0.473202 0.407471 0.467390 0.406322 0.456412 0.407471 0.418959 0.433908 0.406044 0.447701 0.391838 0.464943 0.416376 0.463793 0.429937 0.463793 0.444143 0.479885 0.445435 0.504023 0.448018 0.559195 0.446080 0.577586 0.477722 0.651149 0.780576 0.884483 0.793491 0.883333 0.803177 0.894828 0.810926 0.904023 0.818675 0.906322 0.823841 0.894828 0.838047 0.895977 0.849025 0.895977 0.858711 0.895977 0.881312 0.895977 0.915537 0.895977 0.945241 0.900575 0.968488 0.901724 0.994317 0.901724 0.998876 0.903753 0.998876 0.601724 0.991412 0.598276 0.987537 0.585632 0.981080 0.576437 0.975914 0.582184 0.953313 0.576437 0.939106 0.572989 0.933295 0.563793 0.919734 0.551149 0.893258 0.531609 0.888738 0.623563 0.886801 0.629310 0.885509 0.571839 0.885509 0.537356 0.877761 0.522414 0.868720 0.512069 0.857742 0.504023 0.851285 0.498276 0.834496 0.487931 0.825455 0.485632 0.817061 0.486782 0.805437 0.486782 0.791877 0.486782 0.778316 0.479885 0.765401 0.471839 0.757006 0.463793 
0 0.297882 0.600575 0.294653 0.521264 0.286904 0.516667 0.285613 0.598276 
0 0.421865 0.599425 0.421865 0.489080 0.410887 0.485632 0.408950 0.604023 
0 0.435426 0.554598 0.434134 0.491379 0.427677 0.484483 0.427677 0.592529 
0 0.403784 0.607471 0.402493 0.490230 0.401847 0.483333 0.392161 0.481034 0.388932 0.481034 0.390223 0.609770 
0 0.381183 0.606322 0.383120 0.583333 0.374726 0.574138 0.375371 0.595977 
0 0.380537 0.484483 0.371497 0.483333 0.372788 0.516667 0.372788 0.524713 0.380537 0.525862 0.381829 0.507471 
0 0.364394 0.604023 0.365039 0.579885 0.361165 0.569540 0.355353 0.569540 0.355353 0.598276 0.355353 0.604023 
0 0.363748 0.520115 0.363748 0.497126 0.360519 0.489080 0.356645 0.493678 0.356645 0.508621 0.355999 0.518966 
0 0.346313 0.604023 0.344376 0.576437 0.339210 0.575287 0.335981 0.581034 0.338564 0.599425 0.339210 0.604023 
0 0.346959 0.524713 0.347604 0.501724 0.342438 0.495977 0.339210 0.517816 
0 0.328878 0.606322 0.328878 0.571839 0.321129 0.571839 0.321775 0.593678 0.321775 0.604023 
0 0.328232 0.523563 0.325649 0.510920 0.317900 0.510920 0.318546 0.516667 
0 0.314671 0.601724 0.310797 0.518966 0.303048 0.518966 0.303048 0.600575 
0 0.485148 0.662644 0.475462 0.659195 0.464484 0.648851 0.456089 0.628161 0.448340 0.607471 0.446403 0.600575 0.448340 0.647701 0.441237 0.662644 0.423802 0.658046 0.410242 0.651149 0.414762 0.632759 0.416699 0.630460 0.273989 0.618966 0.269469 0.616667 0.265595 0.613218 0.262366 0.510920 0.247514 0.509770 0.242994 0.527011 0.242994 0.559195 0.245577 0.567241 0.242994 0.568391 0.209415 0.547701 0.203603 0.516667 0.144841 0.512069 0.131926 0.515517 0.125468 0.602874 0.160338 0.613218 0.150652 0.706322 0.106486 0.998000 0.996578 0.998000 0.995286 0.994828 0.998515 0.904023 0.979788 0.900575 0.974622 0.900575 0.965582 0.902874 0.964290 0.921264 0.967519 0.925862 0.972685 0.944253 0.959124 0.944253 0.953958 0.940805 0.945564 0.944253 0.937169 0.950000 0.927483 0.950000 0.920380 0.950000 0.923608 0.951149 0.914568 0.945402 0.907465 0.948851 0.899716 0.948851 0.891321 0.946552 0.880344 0.944253 0.869366 0.945402 0.857742 0.945402 0.830621 0.946552 0.822872 0.945402 0.816415 0.940805 0.816415 0.933908 0.816415 0.918966 0.813832 0.937356 0.811895 0.954598 0.795105 0.943103 0.789294 0.941954 0.782836 0.941954 0.776379 0.940805 0.776379 0.929310 0.775733 0.922414 0.773150 0.906322 0.775087 0.894828 0.775087 0.884483 0.781545 0.881034 
0 0.125468 0.597126 0.133217 0.512069 0.109970 0.520115 0.081558 0.528161 0.067351 0.522414 0.031835 0.527011 0.000000 0.529278 0.001485 0.995977 0.091270 0.998000 0.106096 0.998000 0.150006 0.709770 0.142258 0.704023 0.121594 0.697126 0.106742 0.692529 0.118365 0.617816 
