0 0.065394 0.992788 0.064107 0.705472 0.067967 0.481113 0.046092 0.458219 0.033868 0.438759 0.009419 0.447917 0.000412 0.460508 0.001699 0.988210 0.003257 0.997917 0.055743 0.997917 
0 0.095633 0.169757 0.091772 0.141140 0.084695 0.123970 0.062177 0.130838 0.053813 0.130838 0.039015 0.131983 0.026791 0.119391 0.000000 0.118750 0.000412 0.439904 0.008132 0.439904 0.039658 0.414721 0.041588 0.403274 0.061533 0.394116 0.064107 0.399840 0.090486 0.373512 0.105927 0.370078 
0 0.991224 0.066735 0.979000 0.072459 0.973209 0.090774 0.965489 0.098787 0.952621 0.118246 0.928173 0.121680 0.932033 0.134272 0.944901 0.131983 0.959698 0.129693 0.968062 0.129693 0.975140 0.139995 0.977713 0.157166 0.979643 0.181204 0.992511 0.178915 0.996371 0.153732 0.997015 0.121680 0.997015 0.095353 0.995728 0.080472 
0 0.167048 0.079327 0.161901 0.034684 0.161258 0.010646 0.142709 0.000000 0.076331 0.002633 0.066037 0.007212 0.064107 0.016369 0.062177 0.027816 0.050596 0.040408 0.058316 0.051854 0.073758 0.069025 0.096919 0.081616 0.114291 0.081616 0.133592 0.081616 0.155467 0.075893 
0 0.032581 0.078182 0.028077 0.054144 0.023574 0.025527 0.015210 0.016369 0.002342 0.015224 0.003629 0.083906 0.014566 0.085050 0.028077 0.095353 
0 0.993798 0.160600 0.993154 0.172047 0.980930 0.178915 0.975140 0.185783 0.962272 0.186928 0.957768 0.184638 0.948117 0.174336 0.944257 0.177770 0.938467 0.186928 0.930103 0.186928 0.921739 0.175481 0.919165 0.159455 0.907584 0.153732 0.880562 0.160600 0.859974 0.169757 0.850323 0.694025 0.861261 0.697459 0.875415 0.697459 0.886353 0.710050 0.884422 0.727221 0.895360 0.727221 0.910801 0.729510 0.911445 0.755838 0.906941 0.763851 0.916592 0.763851 0.922382 0.773008 0.917235 0.779876 0.915948 0.794757 0.915948 0.816506 0.914661 0.827953 0.914661 0.830243 0.998829 0.833672 0.998829 0.220124 0.997658 0.194940 0.995085 0.175481 
0 0.871555 0.823375 0.871555 0.793613 0.866408 0.790179 0.861261 0.769574 0.864477 0.763851 0.867051 0.726076 0.868981 0.715774 0.858687 0.715774 0.859974 0.724931 0.862547 0.744391 0.860617 0.762706 0.858687 0.770719 0.847106 0.787889 0.854183 0.794757 0.862547 0.797047 0.858044 0.807349 0.854827 0.808494 0.856757 0.817651 0.848393 0.819940 0.854183 0.835966 
0 0.277711 0.112523 0.278997 0.089629 0.273207 0.074748 0.272564 0.057578 0.266130 0.051854 0.269990 0.032395 0.261626 0.002633 0.243611 0.014080 0.253262 0.035829 0.255192 0.056433 0.239751 0.051854 0.228170 0.071314 0.224310 0.103365 0.224310 0.125114 0.219163 0.135417 0.192784 0.134272 0.165118 0.134272 0.156754 0.154876 0.154824 0.175481 0.134236 0.170902 0.130375 0.146864 0.122655 0.138851 0.120725 0.144574 0.114934 0.162889 0.103997 0.173191 0.097563 0.174336 0.106570 0.366644 0.107857 0.384959 0.104640 0.405563 0.116221 0.425023 0.134236 0.449061 0.123298 0.474245 0.102067 0.473100 0.094346 0.469666 0.089199 0.505151 0.087912 0.532624 0.090486 0.574977 0.082765 0.537202 0.072471 0.498283 0.067967 0.514309 0.060528 0.700993 0.210799 0.700893 0.214659 0.718063 0.217232 0.776442 0.594899 0.776442 0.596829 0.837111 0.789201 0.830243 0.787915 0.808494 0.782124 0.789034 0.782768 0.770719 0.788558 0.762706 0.716499 0.541781 0.692694 0.542926 0.685616 0.509730 0.628999 0.142285 0.629642 0.125114 0.616131 0.114812 0.608410 0.114812 0.586535 0.125114 0.573024 0.127404 0.559513 0.121680 0.552436 0.085050 0.560156 0.069025 0.558870 0.054144 0.549862 0.041552 0.542142 0.023237 0.529274 0.019803 0.519906 0.000000 0.484778 0.000000 0.429356 0.000000 0.411535 0.025527 0.389016 0.044986 0.391590 0.054144 0.391590 0.071314 0.374862 0.070169 0.349126 0.091918 0.359420 0.102221 0.373575 0.102221 0.397380 0.098787 0.391590 0.112523 0.369071 0.112523 0.379365 0.125114 0.335615 0.128549 0.291222 0.128549 0.275780 0.125114 
0 0.767326 0.103365 0.767326 0.071314 0.768613 0.051854 0.771187 0.032395 0.766683 0.024382 0.762179 0.008356 0.726793 0.002633 0.632859 0.003777 0.624495 0.015224 0.625782 0.034684 0.624495 0.049565 0.610340 0.069025 0.624495 0.083906 0.633502 0.097642 0.653447 0.101076 0.675322 0.103365 0.687547 0.103365 0.691407 0.096497 0.708778 0.101076 0.722933 0.102221 0.729367 0.097642 0.748025 0.105655 0.755745 0.101076 
0 0.621278 0.105655 0.616131 0.090774 0.608410 0.087340 0.596829 0.095353 
0 0.863191 0.182349 0.844533 0.192651 0.812363 0.204098 0.780194 0.207532 0.764753 0.193796 0.748025 0.178915 0.739661 0.177770 0.730653 0.156021 0.699771 0.153732 0.688190 0.153732 0.658594 0.148008 0.638006 0.148008 0.628999 0.148008 0.683686 0.505151 0.702344 0.493704 0.713282 0.500572 0.717786 0.520032 0.718429 0.540636 0.789845 0.769574 0.793062 0.754693 0.800139 0.758127 0.807860 0.764995 0.816224 0.760417 0.822014 0.758127 0.829091 0.770719 0.834882 0.777587 0.838742 0.770719 0.838742 0.758127 0.833595 0.737523 0.841316 0.730655 0.842602 0.700893 0.849680 0.700893 
0 0.825231 0.805060 0.816867 0.800481 0.811720 0.793613 0.805929 0.802770 0.792418 0.805060 0.794349 0.822230 0.826518 0.822230 
