0 0.282722 0.534144 0.276867 0.530671 0.271012 0.530671 0.259953 0.531829 0.252147 0.534144 0.244340 0.536458 0.247593 0.543403 0.265157 0.545718 0.279469 0.556134 0.291179 0.565394 0.289227 0.557292 
0 0.304189 0.545718 0.304189 0.535301 0.297034 0.530671 0.291179 0.530671 0.295082 0.558449 0.295733 0.564236 
0 0.311996 0.651042 0.272964 0.656829 0.175384 0.666088 0.048530 0.688079 0.007546 0.692708 0.004294 0.706597 0.033568 0.710069 0.072600 0.713542 0.162373 0.713542 0.165626 0.769097 0.165626 0.786458 0.569607 0.792245 0.561150 0.773727 0.557897 0.777199 0.552693 0.776042 0.548139 0.769097 0.542935 0.757523 0.536430 0.755208 0.526672 0.745949 0.514962 0.742477 0.499349 0.744792 0.485038 0.748264 0.477882 0.747106 0.475930 0.726273 0.473328 0.715856 0.474629 0.706597 0.470075 0.707755 0.463570 0.708912 0.458366 0.718171 0.454463 0.726273 0.451210 0.735532 0.446006 0.745949 0.434947 0.740162 0.386807 0.696181 0.363388 0.685764 0.330861 0.667245 0.323055 0.661458 
0 0.374447 0.607060 0.373146 0.590856 0.367291 0.588542 0.362737 0.576968 0.359485 0.564236 0.362087 0.546875 0.362737 0.532986 0.358184 0.522569 0.356232 0.532986 0.355582 0.556134 0.351678 0.568866 0.354931 0.589699 0.354281 0.620949 0.352979 0.646412 0.355582 0.664931 0.356883 0.679977 0.388759 0.700810 0.432995 0.733218 0.438199 0.737847 0.442753 0.711227 0.453162 0.696181 0.468124 0.681134 0.478532 0.674190 0.488290 0.675347 0.487640 0.662616 0.482436 0.657986 0.477231 0.661458 0.467473 0.664931 0.454463 0.663773 0.447307 0.632523 0.454463 0.605903 0.467473 0.597801 0.473979 0.590856 0.484387 0.582755 0.486339 0.564236 0.485038 0.546875 0.485038 0.532986 0.493495 0.515625 0.496097 0.508681 0.486989 0.504051 0.470075 0.507523 0.440151 0.507523 0.412178 0.514468 0.406974 0.516782 0.392662 0.516782 0.401119 0.559606 0.401119 0.574653 0.401119 0.595486 0.397216 0.609375 0.391361 0.612847 0.379651 0.618634 
0 0.498699 0.705440 0.494796 0.720486 0.492194 0.736690 0.495446 0.740162 0.513011 0.728588 0.511710 0.715856 
0 0.453812 0.450810 0.440151 0.453125 0.431694 0.450810 0.421936 0.451968 0.418033 0.465856 0.431043 0.468171 0.451861 0.462384 0.459667 0.463542 
0 0.837627 0.489005 0.800546 0.495949 0.768020 0.494792 0.707520 0.490162 0.656128 0.493634 0.591725 0.500579 0.557897 0.505208 0.537080 0.501736 0.520817 0.502894 0.510409 0.515625 0.506505 0.524884 0.501301 0.529514 0.494796 0.538773 0.495446 0.546875 0.503253 0.554977 0.508457 0.570023 0.503903 0.578125 0.504554 0.594329 0.509107 0.598958 0.516914 0.602431 0.516263 0.619792 0.514312 0.641782 0.511059 0.647569 0.518215 0.673032 0.526672 0.698495 0.532527 0.726273 0.548139 0.735532 0.547489 0.701968 0.550742 0.671875 0.551392 0.652199 0.553344 0.649884 0.555295 0.626736 0.554645 0.625579 0.550091 0.617477 0.551392 0.604745 0.548139 0.602431 0.542935 0.601273 0.540984 0.590856 0.544236 0.582755 0.559849 0.579282 0.573510 0.587384 0.594327 0.582755 0.594978 0.593171 0.578715 0.607060 0.566354 0.618634 0.564403 0.625579 0.563102 0.640625 0.572860 0.664931 0.580016 0.668403 0.589123 0.677662 0.601483 0.681134 0.620349 0.690394 0.632709 0.711227 0.643768 0.722801 0.646370 0.729745 0.650924 0.747106 0.648322 0.757523 0.650924 0.777199 0.654827 0.785301 0.846084 0.787616 0.854541 0.811921 0.847385 0.848958 0.846734 0.885995 0.844132 0.896412 0.876659 0.894097 0.948868 0.892940 0.993755 0.892940 0.998829 0.893843 0.998829 0.620949 0.998829 0.494792 0.998829 0.480903 0.983997 0.479745 0.976190 0.480903 0.960578 0.479745 0.931304 0.477431 0.911788 0.477431 0.897476 0.476273 0.890971 0.476273 0.890971 0.527199 0.892272 0.593171 0.889670 0.609375 0.879261 0.609375 0.871455 0.611690 0.860396 0.609375 0.854541 0.607060 0.853890 0.592014 0.849987 0.573495 0.846084 0.557292 0.846084 0.549190 0.844783 0.534144 0.843482 0.519097 0.842181 0.507523 
0 0.472329 0.442324 0.470757 0.467492 0.539915 0.459102 0.539915 0.436731 
0 0.548559 0.438129 0.550917 0.461899 0.590211 0.457704 0.591783 0.439527 
0 0.600428 0.438129 0.600428 0.456306 0.704164 0.452111 0.703378 0.431138 
0 0.730883 0.428342 0.730883 0.449315 0.742672 0.450713 0.739528 0.429740 
