0 0.994792 0.358218 0.887370 0.321181 0.882812 0.317708 0.882812 0.348958 0.878906 0.369792 0.876302 0.412616 0.875651 0.451968 0.739583 0.453125 0.729167 0.449653 0.722005 0.457755 0.716146 0.476273 0.715495 0.573495 0.863932 0.588542 0.953776 0.587384 0.997396 0.592014 0.998437 0.484606 0.998437 0.392940 0.998437 0.375579 0.998437 0.360532 
0 0.998047 0.589699 0.956380 0.586227 0.953776 0.583912 0.954427 0.745949 0.865885 0.750579 0.866536 0.916088 0.997396 0.913773 0.998047 0.676505 0.998047 0.615162 
0 0.863932 0.589699 0.721354 0.572338 0.710286 0.593171 0.705078 0.600116 0.699870 0.632523 0.695312 0.750579 0.664062 0.754051 0.665365 0.916088 0.865885 0.912616 0.866536 0.751736 0.860677 0.749421 0.860677 0.751736 
0 0.634766 0.291088 0.623698 0.291088 0.608073 0.301505 0.585938 0.304977 0.577474 0.300347 0.572266 0.296875 0.574219 0.316551 0.593750 0.337384 0.600911 0.358218 0.602214 0.424190 0.605469 0.456597 0.610026 0.478588 0.613932 0.478588 0.618490 0.401042 0.621745 0.380208 0.623698 0.359375 0.628906 0.343171 0.635417 0.320023 0.638021 0.301505 
0 0.662760 0.755208 0.664714 0.679977 0.662760 0.626736 0.658854 0.620949 0.653646 0.642940 0.651042 0.662616 0.647135 0.699653 0.639974 0.742477 0.636719 0.776042 0.632161 0.793403 0.612630 0.789931 0.611979 0.733218 0.611328 0.685764 0.610677 0.659144 0.613932 0.633681 0.616536 0.604745 0.617839 0.581597 0.617839 0.559606 0.615234 0.536458 0.608724 0.539931 0.606771 0.523727 0.608073 0.499421 0.604167 0.514468 0.608073 0.559606 0.607422 0.590856 0.598958 0.581597 0.593099 0.573495 0.591797 0.548032 0.591797 0.520255 0.588542 0.504051 0.580078 0.489005 0.576823 0.483218 0.576823 0.517940 0.574870 0.538773 0.569661 0.559606 0.562500 0.563079 0.516927 0.916088 0.664062 0.913773 0.664714 0.833912 0.664714 0.807292 0.664062 0.782986 0.664062 0.772569 
0 0.549479 0.321181 0.549479 0.289931 0.538411 0.292245 0.529948 0.289931 0.524740 0.316551 0.526693 0.326968 0.535156 0.339699 
0 0.559896 0.570023 0.554036 0.515625 0.553385 0.483218 0.548177 0.463542 0.548828 0.450810 0.547526 0.434606 0.542318 0.440394 0.534505 0.438079 0.530599 0.418403 0.531901 0.398727 0.527995 0.395255 0.526693 0.461227 0.526693 0.490162 0.519531 0.509838 0.510417 0.516782 0.500000 0.516782 0.492188 0.514468 0.486979 0.510995 0.487630 0.465856 0.483073 0.438079 0.487630 0.387153 0.484375 0.376736 0.477865 0.406829 0.475911 0.426505 0.472005 0.440394 0.464844 0.449653 0.466797 0.522569 0.468750 0.552662 0.462891 0.554977 0.455729 0.551505 0.451823 0.536458 0.452474 0.512153 0.444661 0.490162 0.438802 0.461227 0.435547 0.428819 0.439453 0.468171 0.441406 0.495949 0.446615 0.529514 0.441406 0.632523 0.446615 0.708912 0.442057 0.725116 0.438802 0.735532 0.438802 0.757523 0.438802 0.784144 0.427083 0.774884 0.421224 0.754051 0.417969 0.734375 0.414062 0.712384 0.411458 0.689236 0.410807 0.657986 0.407552 0.623264 0.404948 0.616319 0.394531 0.657986 0.388021 0.701968 0.384115 0.729745 0.383464 0.744792 0.372396 0.742477 0.363281 0.743634 0.320964 0.912616 0.509766 0.917245 0.516927 0.917245 
0 0.477214 0.343171 0.464193 0.329282 0.462891 0.308449 0.460938 0.293403 0.439453 0.296875 0.432292 0.303819 0.423828 0.317708 0.443359 0.340856 0.452474 0.394097 0.458333 0.433449 0.460938 0.427662 0.460938 0.401042 0.464193 0.383681 0.470703 0.370949 0.479818 0.358218 
0 0.362630 0.741319 0.363281 0.705440 0.367188 0.563079 0.365234 0.532986 0.359375 0.537616 0.352214 0.531829 0.356120 0.505208 0.351562 0.479745 0.353516 0.427662 0.361979 0.364005 0.356771 0.353588 0.346354 0.346644 0.322266 0.367477 0.317057 0.403356 0.294922 0.420718 0.277995 0.427662 0.269531 0.407986 0.269531 0.348958 0.269531 0.332755 0.253255 0.323495 0.233073 0.325810 0.219401 0.345486 0.222656 0.432292 0.224609 0.462384 0.212891 0.492477 0.206380 0.494792 0.201172 0.528356 0.198568 0.549190 0.200521 0.571181 0.204427 0.603588 0.199219 0.623264 0.194661 0.635995 0.194661 0.678819 0.194661 0.719329 0.194010 0.745949 0.225260 0.840856 0.222005 0.904514 0.228516 0.914931 0.320964 0.912616 
0 0.188802 0.752894 0.171224 0.765625 0.149089 0.769097 0.123698 0.774884 0.116536 0.728588 0.119792 0.639468 0.115885 0.612847 0.107422 0.596644 0.103516 0.574653 0.055990 0.600116 0.009766 0.608218 0.000000 0.611281 0.000651 0.912616 0.052734 0.914931 0.055339 0.831597 0.222005 0.831597 0.202474 0.777199 0.198568 0.755208 
