0 0.486989 0.715856 0.450559 0.725116 0.406974 0.720486 0.328259 0.736690 0.287276 0.737847 0.227426 0.741319 0.187093 0.748264 0.164325 0.748264 0.161072 0.748264 0.164975 0.780671 0.177335 0.788773 0.330211 0.787616 0.658730 0.782986 0.737445 0.786458 0.756961 0.778356 0.760864 0.762153 0.753708 0.759838 0.740047 0.759838 0.729638 0.755208 0.558548 0.740162 0.547489 0.747106 0.539683 0.748264 0.533177 0.747106 0.522118 0.747106 0.504554 0.754051 0.499349 0.743634 0.500000 0.720486 0.496097 0.711227 
0 0.459667 0.564236 0.454463 0.550347 0.450559 0.543403 0.439500 0.536458 0.414780 0.537616 0.407624 0.532986 0.395264 0.535301 0.389409 0.536458 0.389409 0.549190 0.412178 0.557292 0.450559 0.564236 
0 0.480484 0.563079 0.480484 0.557292 0.480484 0.549190 0.477882 0.543403 0.476581 0.536458 0.465522 0.531829 0.457715 0.532986 0.461619 0.556134 0.464871 0.570023 0.477231 0.576968 0.481135 0.576968 
0 0.715977 0.433449 0.715327 0.425347 0.712074 0.419560 0.710122 0.411458 0.699063 0.407986 0.679547 0.405671 0.667187 0.405671 0.654176 0.405671 0.652225 0.411458 0.647671 0.427662 0.678230 0.431138 0.697112 0.427662 
0 0.996357 0.486690 0.958626 0.483218 0.911137 0.486690 0.872105 0.485532 0.842181 0.489005 0.831122 0.494792 0.823966 0.502894 0.817460 0.513310 0.805100 0.530671 0.797944 0.549190 0.797294 0.565394 0.807052 0.572338 0.821364 0.578125 0.813557 0.608218 0.811606 0.620949 0.811606 0.639468 0.812907 0.653356 0.823315 0.651042 0.830471 0.653356 0.827869 0.670718 0.828519 0.688079 0.828519 0.707755 0.824616 0.720486 0.820713 0.721644 0.836976 0.776042 0.866901 0.864005 0.872105 0.879051 0.893573 0.883681 0.898126 0.808449 0.900078 0.781829 0.900078 0.765625 0.901379 0.751736 0.903981 0.739005 0.903981 0.723958 0.903981 0.706597 0.903331 0.691551 0.898777 0.690394 0.900729 0.666088 0.896825 0.651042 0.885766 0.647569 0.877960 0.641782 0.885116 0.623264 0.909836 0.624421 0.921546 0.627894 0.956674 0.640625 0.968384 0.638310 0.989852 0.637153 0.994405 0.637153 0.998309 0.634838 0.998829 0.521875 
0 0.991153 0.638310 0.979443 0.640625 0.972287 0.645255 0.960578 0.659144 0.937809 0.677662 0.924148 0.684606 0.917642 0.689236 0.918293 0.730903 0.918944 0.745949 0.933255 0.756366 0.927400 0.758681 0.926099 0.764468 0.954072 0.785301 0.985298 0.809606 0.997658 0.813079 0.998829 0.742940 0.998829 0.678819 0.998829 0.635995 
0 0.802498 0.499421 0.796643 0.521412 0.788837 0.535301 0.782982 0.560764 0.781030 0.579282 0.781030 0.604745 0.786885 0.625579 0.783633 0.633681 0.774525 0.633681 0.766068 0.633681 0.760864 0.635995 0.756310 0.632523 0.755009 0.644097 0.740697 0.659144 0.727687 0.671875 0.723133 0.685764 0.722482 0.707755 0.725085 0.736690 0.734843 0.756366 0.736794 0.756366 0.741998 0.758681 0.653526 0.745949 0.566354 0.736690 0.558548 0.734375 0.559849 0.697338 0.563752 0.679977 0.568306 0.664931 0.578064 0.663773 0.595628 0.667245 0.609940 0.662616 0.635961 0.663773 0.639865 0.626736 0.647021 0.597801 0.653526 0.572338 0.645719 0.553819 0.642467 0.520255 0.637263 0.510995 0.633359 0.507523 0.711423 0.501736 0.751756 0.493634 
0 0.596929 0.559606 0.594978 0.550347 0.588473 0.541088 0.590424 0.561921 0.586521 0.592014 0.583268 0.626736 0.586521 0.664931 0.599532 0.668403 0.606037 0.647569 0.606037 0.633681 0.600182 0.618634 0.601483 0.604745 0.602784 0.589699 0.601483 0.573495 
0 0.574811 0.550347 0.572860 0.529514 0.565704 0.514468 0.562451 0.538773 0.559199 0.552662 0.556596 0.581597 0.557897 0.603588 0.565704 0.646412 0.570908 0.664931 0.576763 0.664931 0.572860 0.639468 0.573510 0.601273 0.573510 0.576968 
0 0.733241 0.401776 0.737956 0.431138 0.850337 0.419952 0.853481 0.398979 
0 0.865269 0.397581 0.867626 0.421351 0.937570 0.417156 0.934426 0.383599 
0 0.950144 0.383599 0.954859 0.415758 0.998829 0.404167 0.997297 0.383599 
