0 0.042232 0.360348 0.023574 0.245879 0.002985 0.253892 -0.000000 0.335333 0.002985 0.364927 
0 0.107857 0.236722 0.115578 0.329441 0.048666 0.346612 0.047379 0.358059 0.069897 0.371795 0.069897 0.427885 0.013279 0.461081 0.001699 0.400412 0.000412 0.997917 0.026791 0.997917 0.029364 0.798764 0.786628 0.804487 0.807216 0.673993 0.910801 0.691163 0.911445 0.734661 0.944901 0.733516 0.942970 0.754121 0.794992 0.756410 0.787271 0.805632 0.964202 0.803342 0.964845 0.949863 0.028077 0.944139 0.028077 0.997917 0.998829 0.997917 0.998301 0.166896 0.801426 0.169185 0.800139 0.211538 0.805929 0.252747 0.812363 0.268773 0.798852 0.399267 0.737087 0.382097 0.728080 0.356914 0.758319 0.338599 0.737731 0.329441 0.716499 0.314560 0.708135 0.307692 0.717142 0.172619 0.584605 0.192079 0.580745 0.375229 0.586535 0.398123 0.596829 0.409570 0.596829 0.422161 0.569164 0.395833 0.540212 0.525183 0.539568 0.569826 0.563373 0.583562 0.563373 0.600733 0.538925 0.591575 0.531848 0.613324 0.511903 0.591575 0.235247 0.546932 0.237821 0.574405 0.225596 0.573260 0.197287 0.383242 0.198574 0.289377 0.242324 0.236722 
0 0.214659 0.273352 0.205651 0.315705 0.225596 0.283654 0.235891 0.283654 0.241681 0.279075 0.241038 0.256181 
0 0.247471 0.301969 0.229457 0.304258 0.217876 0.323718 0.215302 0.343178 0.233317 0.519460 0.263556 0.477106 
0 0.276424 0.475962 0.241681 0.530907 0.281571 0.536630 
0 0.332398 0.391255 0.285431 0.461081 0.294439 0.542353 0.342049 0.546932 
0 0.363281 0.445055 0.361351 0.417582 0.343979 0.391255 0.351056 0.544643 0.401884 0.556090 0.395450 0.332875 0.369715 0.332875 0.369071 0.353480 0.381296 0.361493 0.381296 0.369505 0.387086 0.384386 0.387086 0.404991 0.378079 0.407280 0.372288 0.438187 
0 0.405101 0.335165 0.455928 0.340888 0.463649 0.562958 0.411535 0.554945 
0 0.468796 0.340888 0.517693 0.343178 0.526057 0.363782 0.527344 0.394689 0.527987 0.573260 0.472013 0.569826 
0 0.355560 0.218407 0.483594 0.219551 0.484880 0.293956 0.366498 0.287088 
0 0.333042 0.174908 0.339476 0.177198 0.351056 0.283654 0.338189 0.283654 
0 0.248115 0.250458 0.260983 0.243590 0.260983 0.280220 0.248758 0.277930 
0 0.493888 0.221841 0.527344 0.217262 0.531204 0.249313 0.526700 0.326007 0.506756 0.299679 0.496461 0.297390 
0 0.017305 0.948476 0.035380 0.944281 0.039813 0.997917 0.016393 0.997917 
0 0.785109 0.754125 0.812615 0.759718 0.803970 0.801664 0.779608 0.807257 
