0 0.161678 0.623437 0.128815 0.630729 0.091843 0.642188 0.063674 0.682813 0.083627 0.718229 0.226232 0.674479 0.235035 0.610938 
0 0.001467 0.651563 0.067782 0.643229 0.043721 0.675521 0.031397 0.676562 0.029636 0.692187 0.004401 0.701562 
0 0.352406 0.513021 0.414613 0.520312 0.411678 0.561979 0.398768 0.549479 0.388204 0.559896 0.381162 0.553646 0.357688 0.554688 0.308392 0.554688 
0 0.246772 0.580729 0.241491 0.573438 0.251467 0.561979 0.259683 0.570312 0.270246 0.559896 0.280810 0.510938 0.272594 0.506771 0.269073 0.513021 0.259096 0.505729 0.254988 0.515104 0.228580 0.514062 0.225646 0.500521 0.291960 0.483854 0.298415 0.507812 0.301350 0.522396 0.316021 0.529687 0.286092 0.553646 0.283744 0.565104 0.299002 0.579688 0.276115 0.582812 
0 0.000000 0.623437 0.098885 0.589063 0.131749 0.560937 0.161678 0.563021 0.164613 0.582812 0.141138 0.599479 0.118251 0.595313 0.112383 0.599479 0.114730 0.614062 0.040200 0.625521 
0 0.154049 0.607812 0.176937 0.593229 0.212148 0.597396 
0 0.446890 0.523438 0.444542 0.558854 0.505575 0.547396 0.504988 0.525521 
0 0.448063 0.509896 0.505575 0.519271 0.506162 0.494271 0.449824 0.492188 
0 0.361796 0.508854 0.409918 0.513021 0.409331 0.499479 0.363556 0.486979 0.337148 0.493229 0.318955 0.507812 0.309566 0.516146 0.325411 0.520312 0.357688 0.497396 
0 0.228580 0.570312 0.215082 0.579688 0.234448 0.581771 
0 0.272007 0.603646 0.252054 0.611979 0.270246 0.649479 0.263204 0.668229 0.320129 0.649479 0.316021 0.641146 0.307218 0.639062 0.310739 0.595313 
0 0.392899 0.469271 0.411678 0.470313 0.411678 0.484896 0.381162 0.478646 
0 0.450411 0.474479 0.506162 0.474479 0.506162 0.483854 0.448650 0.488021 
0 0.551350 0.543229 0.507923 0.545312 0.506749 0.615104 0.513204 0.632812 0.522007 0.638021 0.522007 0.655729 0.504988 0.680729 0.506749 0.807813 0.615904 0.808854 0.612969 0.793229 0.618251 0.757812 0.623533 0.729688 0.575411 0.713021 0.570716 0.702604 0.571303 0.677604 0.576585 0.656771 0.558979 0.648438 0.552523 0.634896 0.553697 0.599479 0.550176 0.584896 0.557805 0.563021 
0 0.745012 0.464062 0.729167 0.469271 0.732101 0.475521 0.769660 0.481771 0.780810 0.529687 0.794308 0.588021 0.791373 0.599479 0.797242 0.625521 0.794894 0.630729 0.791960 0.652604 0.775528 0.672396 0.759683 0.665104 0.761444 0.694271 0.769660 0.720313 0.779049 0.740104 0.776115 0.750521 0.779049 0.759896 0.766725 0.788021 0.774354 0.806771 0.998826 0.807813 0.998533 0.490104 0.934566 0.484896 0.923415 0.449479 0.901115 0.459896 0.901115 0.479687 0.874707 0.479687 0.874707 0.464062 0.854754 0.438021 0.837148 0.448437 0.832453 0.443229 0.804871 0.442188 0.793721 0.436979 0.783157 0.444271 0.764965 0.450521 0.764378 0.463021 
