0 0.996037 0.159271 0.939841 0.209107 0.917507 0.217774 0.862752 0.210190 0.831772 0.202607 0.824568 0.188522 0.817363 0.184189 0.806556 0.180939 0.798631 0.173355 0.796470 0.153854 0.777017 0.154937 0.766210 0.160354 0.759726 0.159271 0.744597 0.148437 0.722983 0.148437 0.712896 0.152770 0.692003 0.162521 0.663905 0.163604 0.652378 0.166854 0.644452 0.169021 0.630043 0.166854 0.617075 0.159271 0.576009 0.158187 0.547911 0.159271 0.545749 0.176605 0.539986 0.182022 0.517651 0.198273 0.487392 0.184189 0.478746 0.188522 0.467219 0.195023 0.447046 0.185272 0.438401 0.183105 0.435519 0.208024 0.426873 0.224275 0.206412 0.228608 0.508285 0.383534 0.511888 0.391118 0.577450 0.398702 0.588977 0.397619 0.606268 0.390035 0.625000 0.396535 0.647334 0.421453 0.661744 0.452872 0.663905 0.485374 0.676153 0.539544 0.673271 0.613215 0.658862 0.663052 0.637968 0.689053 0.591859 0.704221 0.536383 0.715055 0.521254 0.717222 0.487392 0.729139 0.256844 0.878648 0.242435 0.893816 0.231628 0.905733 0.240994 0.876482 0.252522 0.840729 0.261888 0.785476 0.266931 0.735640 0.266931 0.722639 0.181196 0.743223 0.151657 0.746474 0.000000 0.789503 0.002522 0.994572 0.002522 0.996241 0.997500 0.996241 0.997500 0.505959 0.997500 0.278445 0.997500 0.192856 0.997500 0.161437 0.997500 0.153854 
0 0.179035 0.221024 0.161023 0.216691 0.146614 0.209107 0.127882 0.215607 0.101945 0.214524 0.072406 0.216691 0.042147 0.203690 0.035663 0.167938 0.036383 0.127852 0.001081 0.128935 0.000000 0.628654 0.000000 0.788726 0.154539 0.745390 0.167507 0.725889 0.171830 0.712888 0.192723 0.709638 0.244597 0.696637 0.260447 0.693387 0.267651 0.684720 0.268372 0.645717 0.264049 0.622966 0.249640 0.616466 0.253242 0.642467 0.254683 0.668469 0.229467 0.678219 0.201369 0.669552 0.193444 0.661968 0.183357 0.619716 0.171830 0.614299 0.141571 0.612132 0.143012 0.646801 0.146614 0.674969 0.138689 0.689053 0.132205 0.668469 0.125720 0.632717 0.127161 0.568796 0.129323 0.445288 0.134366 0.396535 0.137968 0.342365 0.150216 0.293612 0.155259 0.269777 0.163184 0.254610 0.169669 0.249193 0.178314 0.236192 
0 0.241715 0.585047 0.238833 0.486457 0.237392 0.481040 0.141571 0.461539 0.139409 0.592631 0.199928 0.589381 0.233069 0.586130 
0 0.181196 0.453955 0.199207 0.357533 0.158141 0.342365 0.155980 0.347782 0.148775 0.397619 0.144452 0.440955 0.144452 0.449622 
0 0.203530 0.342365 0.218660 0.282778 0.185519 0.266527 0.176873 0.264360 0.168228 0.289279 0.158141 0.323947 0.166066 0.328281 
0 0.621398 0.687970 0.634366 0.672802 0.648055 0.648968 0.658141 0.618632 0.658141 0.606715 0.558718 0.634883 0.548631 0.681470 0.537824 0.706388 0.537104 0.712888 0.587536 0.706388 0.602666 0.702054 0.617075 0.699887 
0 0.661744 0.596964 0.667507 0.552545 0.666066 0.523293 0.661744 0.498375 0.656700 0.479957 0.648775 0.455039 0.642291 0.449622 0.547911 0.448538 0.550072 0.460456 0.555115 0.491874 0.560879 0.524377 0.564481 0.568796 0.563761 0.605632 0.563040 0.615382 0.652378 0.601298 
0 0.642291 0.438788 0.632925 0.425787 0.622118 0.411703 0.609870 0.403036 0.598343 0.400869 0.591138 0.407369 0.578890 0.416036 0.563761 0.427954 0.563761 0.433371 0.578890 0.434454 0.599784 0.433371 0.616354 0.437704 0.633646 0.438788 
0 0.551513 0.609965 0.552954 0.562296 0.550072 0.536294 0.537824 0.534127 0.538545 0.546045 0.542867 0.573130 0.545749 0.595881 
0 0.547190 0.511376 0.542147 0.498375 0.542147 0.492958 0.538545 0.512459 
0 0.570965 0.407369 0.527017 0.404119 0.530620 0.419287 0.539986 0.430121 0.551513 0.434454 0.559438 0.419287 
0 0.534222 0.486457 0.539265 0.473457 0.537824 0.462623 0.532781 0.452872 0.529179 0.448538 0.533501 0.468040 
0 0.314481 0.381368 0.307277 0.357533 0.274856 0.342365 0.271974 0.355366 0.274135 0.362950 
0 0.262608 0.466956 0.259006 0.414953 0.255403 0.413870 0.250360 0.436621 0.248199 0.459372 0.249640 0.468040 
0 0.517651 0.705304 0.530620 0.655468 0.529899 0.639217 0.505403 0.645717 0.506124 0.669552 0.506844 0.704221 
0 0.522695 0.424704 0.518372 0.416036 0.505403 0.406286 0.483790 0.400869 0.506844 0.419287 
0 0.496758 0.692304 0.491715 0.654385 0.480187 0.651134 0.405259 0.673886 0.400216 0.679303 0.379323 0.784393 0.409582 0.762725 0.451369 0.738890 0.475144 0.729139 0.502522 0.704221 
0 0.338256 0.482124 0.318084 0.406286 0.268372 0.375951 0.272695 0.407369 0.277017 0.456122 0.277738 0.469123 0.278458 0.470206 0.284222 0.473457 
0 0.538545 0.625133 0.529179 0.533044 0.492435 0.524377 0.500360 0.626216 0.529899 0.622966 
0 0.524856 0.497291 0.519092 0.445288 0.481628 0.429037 0.489553 0.500542 0.516931 0.501625 
0 0.490274 0.626216 0.478746 0.520043 0.447046 0.516793 0.444885 0.536294 0.450648 0.598048 0.454971 0.631633 0.472262 0.635967 
0 0.477305 0.498375 0.471542 0.422537 0.462176 0.419287 0.447046 0.436621 0.442003 0.455039 0.441282 0.472373 0.442003 0.492958 0.452089 0.502709 
0 0.447046 0.413870 0.380043 0.388951 0.385086 0.407369 0.399496 0.413870 0.431916 0.429037 0.442003 0.426870 
0 0.338977 0.670636 0.341859 0.608882 0.292867 0.602381 0.286383 0.607798 0.287824 0.681470 0.285663 0.692304 0.323127 0.683636 
0 0.338977 0.586130 0.336816 0.514626 0.332493 0.507042 0.282781 0.500542 0.290706 0.576380 0.290706 0.594798 0.302954 0.594798 
0 0.311599 0.819061 0.338977 0.703138 0.337536 0.699887 0.286383 0.717222 0.282061 0.737806 0.282061 0.759474 0.277738 0.789810 0.274135 0.836396 0.266210 0.851563 0.284222 0.838563 0.293588 0.834229 
0 0.423991 0.490791 0.429035 0.448538 0.395173 0.431204 0.397334 0.466956 0.403098 0.490791 0.416787 0.487541 
