0 0.175781 0.447338 0.162760 0.391782 0.155599 0.357060 0.155599 0.326968 0.153646 0.295718 0.143229 0.352431 0.146484 0.405671 0.150391 0.457755 0.143880 0.489005 0.146484 0.521412 0.151042 0.558449 0.158854 0.586227 0.167318 0.594329 0.173828 0.578125 0.175781 0.546875 0.178385 0.521412 0.178385 0.479745 0.177734 0.460069 
0 0.105469 0.266782 0.102865 0.215856 0.102865 0.191551 0.095703 0.170718 0.077474 0.167245 0.061849 0.181134 0.047526 0.210069 0.056641 0.252894 0.050130 0.280671 0.049479 0.301505 0.059245 0.318866 0.057292 0.345486 0.057292 0.389468 0.050781 0.442708 0.047526 0.460069 0.040365 0.471644 0.034505 0.482060 0.029297 0.498264 0.043620 0.507523 0.063802 0.514468 0.084635 0.517940 0.095703 0.515625 0.098958 0.499421 0.102865 0.446181 0.107422 0.375579 0.115885 0.318866 0.132161 0.280671 0.127604 0.278356 0.111979 0.279514 
0 0.300781 0.377894 0.299479 0.335069 0.301432 0.313079 0.307943 0.302662 0.308594 0.279514 0.311198 0.258681 0.307292 0.241319 0.300781 0.220486 0.288411 0.200810 0.271484 0.197338 0.263672 0.199653 0.267578 0.220486 0.266927 0.239005 0.263021 0.259838 0.263021 0.295718 0.251953 0.416088 0.258464 0.460069 0.261719 0.513310 0.258464 0.573495 0.253906 0.586227 0.259766 0.598958 0.307943 0.608218 0.345052 0.604745 0.356771 0.600116 0.352865 0.590856 0.351562 0.559606 0.353516 0.545718 0.358073 0.526042 0.369141 0.519097 0.381510 0.478588 0.387370 0.460069 0.377604 0.451968 0.350911 0.441551 0.343099 0.428819 0.336589 0.407986 0.326172 0.387153 
0 0.398438 0.325810 0.399089 0.281829 0.398438 0.248264 0.393229 0.242477 0.387370 0.227431 0.381510 0.211227 0.374349 0.211227 0.373698 0.228588 0.360026 0.235532 0.358724 0.249421 0.360677 0.276042 0.363281 0.324653 0.362630 0.335069 0.358073 0.347801 0.372396 0.336227 0.385417 0.329282 
0 0.231771 0.615162 0.225911 0.556134 0.225260 0.526042 0.225260 0.493634 0.217448 0.477431 0.207031 0.478588 0.207682 0.507523 0.206380 0.552662 0.205729 0.579282 0.198568 0.611690 0.210938 0.617477 
0 0.485677 0.245949 0.488281 0.227431 0.485677 0.213542 0.477214 0.206597 0.460286 0.208912 0.454427 0.215856 0.451172 0.243634 0.447917 0.271412 0.447266 0.304977 0.445964 0.330440 0.444010 0.357060 0.434896 0.369792 0.435547 0.390625 0.433594 0.411458 0.427083 0.434606 0.431641 0.443866 0.451172 0.443866 0.463542 0.445023 0.473958 0.458912 0.483724 0.470486 0.492839 0.475116 0.491536 0.446181 0.486979 0.429977 0.484375 0.411458 0.481771 0.388310 0.479167 0.372106 0.479167 0.347801 0.482422 0.323495 0.483073 0.299190 0.483073 0.274884 0.484375 0.257523 
0 0.481120 0.653356 0.449219 0.645255 0.394531 0.642940 0.371745 0.639468 0.363281 0.625579 0.357422 0.609375 0.350911 0.604745 0.319010 0.604745 0.263021 0.601273 0.250651 0.598958 0.239583 0.611690 0.222656 0.617477 0.186198 0.618634 0.172526 0.609375 0.156250 0.590856 0.146484 0.571181 0.137370 0.534144 0.137370 0.499421 0.137370 0.517940 0.108073 0.521412 0.094401 0.520255 0.061849 0.520255 0.039714 0.520255 0.014974 0.529514 0.001302 0.543403 0.001302 0.595486 0.000000 0.740162 0.000651 0.745949 0.152344 0.748264 0.151693 0.899884 0.757161 0.896412 0.764323 0.875579 0.759115 0.837384 0.758464 0.793403 0.763672 0.748264 0.762370 0.710069 0.762370 0.688079 0.755859 0.673032 0.710938 0.682292 0.683594 0.682292 0.653646 0.670718 0.597656 0.671875 0.531901 0.667245 0.498698 0.660301 
0 0.678385 0.284144 0.671224 0.240162 0.663411 0.214699 0.642578 0.193866 0.630208 0.196181 0.600911 0.204282 0.572917 0.198495 0.565755 0.199653 0.561198 0.199653 0.561198 0.207755 0.561849 0.221644 0.564453 0.242477 0.572266 0.265625 0.579427 0.284144 0.583333 0.296875 0.589193 0.291088 0.595052 0.287616 0.597656 0.266782 0.602214 0.251736 0.607422 0.258681 0.613932 0.263310 0.621094 0.264468 0.632161 0.280671 0.629557 0.289931 0.626953 0.303819 0.635417 0.317708 0.641927 0.337384 0.643229 0.355903 0.649089 0.365162 0.651693 0.376736 0.650391 0.392940 0.641927 0.413773 0.639323 0.429977 0.647135 0.448495 0.657552 0.473958 0.674479 0.477431 0.694661 0.453125 0.688802 0.433449 0.675781 0.417245 0.669271 0.391782 0.668620 0.354745 0.668620 0.330440 0.668620 0.308449 0.671224 0.282986 
0 0.818359 0.848958 0.820312 0.798032 0.814453 0.760995 0.799479 0.741319 0.800781 0.788773 0.795573 0.829282 0.774089 0.866319 0.757812 0.889468 0.821615 0.890625 0.838542 0.889468 0.832682 0.874421 0.825521 0.861690 
0 0.708333 0.670718 0.717448 0.604745 0.714844 0.573495 0.710938 0.539931 0.708984 0.507523 0.699870 0.494792 0.684896 0.480903 0.679688 0.476273 0.695964 0.449653 0.703776 0.439236 0.712891 0.407986 0.731120 0.401042 0.743490 0.387153 0.744141 0.375579 0.742188 0.354745 0.744792 0.325810 0.754557 0.314236 0.763021 0.286458 0.763021 0.251736 0.774089 0.221644 0.812500 0.210069 0.818359 0.225116 0.817057 0.257523 0.802734 0.278356 0.785807 0.298032 0.784505 0.321181 0.779297 0.335069 0.787760 0.355903 0.791667 0.364005 0.781250 0.383681 0.773438 0.404514 0.765625 0.425347 0.759766 0.460069 0.759115 0.492477 0.766276 0.522569 0.772135 0.534144 0.772786 0.559606 0.769531 0.578125 0.765625 0.594329 0.763021 0.610532 0.766276 0.651042 0.766276 0.669560 0.757161 0.670718 0.729167 0.674190 0.714193 0.676505 
0 0.998047 0.370949 0.996094 0.311921 0.985026 0.293403 0.958984 0.293403 0.927083 0.282986 0.897786 0.264468 0.867839 0.250579 0.819010 0.265625 0.798177 0.278356 0.830078 0.287616 0.845052 0.292245 0.853516 0.322338 0.858724 0.340856 0.871745 0.382523 0.886719 0.418403 0.890625 0.455440 0.882161 0.529514 0.876302 0.566551 0.872396 0.657986 0.865885 0.689236 0.865885 0.723958 0.858073 0.765625 0.860677 0.800347 0.856120 0.860532 0.845703 0.891782 0.863932 0.890625 0.954427 0.898727 0.990234 0.885995 0.995443 0.889468 0.997396 0.842014 0.997396 0.787616 0.995443 0.750579 0.988932 0.712384 0.985677 0.660301 0.987630 0.627894 0.988281 0.580440 0.988932 0.520255 0.988932 0.475116 0.983073 0.467014 0.966797 0.447338 0.963542 0.412616 0.977214 0.405671 0.986979 0.392940 
