0 0.998138 0.382172 0.893839 0.346881 0.890640 0.359403 0.891920 0.370788 0.892560 0.387864 0.890640 0.420879 0.890000 0.457309 0.890640 0.496015 0.895119 0.538138 0.893839 0.570014 0.898958 0.731671 0.882962 0.741917 0.874643 0.756717 0.888720 0.889913 0.963585 0.897883 0.961026 0.992372 0.961026 0.997917 0.998829 0.997917 0.998829 0.383311 
0 0.101682 0.180669 0.086325 0.174977 0.081206 0.173839 0.072887 0.173839 0.065209 0.168147 0.044093 0.137409 0.041534 0.115779 0.050492 0.110087 0.060090 0.100979 0.062650 0.083903 0.063929 0.062272 0.058810 0.039504 0.004421 0.023566 0.000000 0.023566 0.000000 0.997917 0.000000 0.997917 0.000000 0.997917 0.022338 0.996926 0.028097 0.945697 0.026817 0.799977 0.222617 0.798839 0.171427 0.202300 0.148392 0.201161 0.131116 0.201161 0.122797 0.201161 0.117678 0.186362 0.115119 0.179531 0.109360 0.185223 
0 0.960386 0.943420 0.027457 0.942281 0.020508 0.997917 0.961665 0.997917 
0 0.890640 0.342327 0.882962 0.342327 0.875923 0.333219 0.868884 0.340050 0.865685 0.349158 0.878482 0.353711 0.887441 0.353711 
0 0.890000 0.417464 0.890000 0.393556 0.883601 0.392418 0.880402 0.395833 0.870164 0.399249 0.870164 0.395833 0.867605 0.412910 
0 0.891920 0.482354 0.886801 0.460724 0.879122 0.458447 0.867605 0.463001 0.869524 0.476662 0.880402 0.475524 
0 0.893199 0.547245 0.891920 0.526753 0.881682 0.523338 0.873364 0.523338 0.868884 0.536999 0.879762 0.541553 
0 0.900878 0.892190 0.887441 0.891052 0.873364 0.763547 0.870804 0.752163 0.868884 0.735087 0.877843 0.730533 0.877203 0.714595 0.883601 0.718010 0.881042 0.706626 0.889360 0.712318 0.895759 0.723702 0.893839 0.577983 0.890000 0.591644 0.884241 0.583675 0.877203 0.592782 0.872084 0.588229 0.865045 0.588229 0.861846 0.577983 0.861846 0.557491 0.865685 0.543830 0.866965 0.527892 0.865685 0.514230 0.864405 0.497154 0.864405 0.483493 0.864405 0.470970 0.864405 0.461862 0.864405 0.435679 0.864405 0.419740 0.863766 0.399249 0.863766 0.382172 0.863766 0.353711 0.863766 0.337773 0.062650 0.040642 0.056251 0.040642 0.063289 0.059995 0.069688 0.066826 0.076087 0.069103 0.081846 0.073657 0.094643 0.083903 0.095923 0.091872 0.094643 0.098702 0.103601 0.105533 0.118318 0.105533 0.128556 0.105533 0.145193 0.112363 0.165029 0.112363 0.167588 0.105533 0.177826 0.113502 0.176546 0.123748 0.177186 0.148793 0.172067 0.160178 0.171427 0.185223 0.172707 0.205715 0.223897 0.809085 0.224536 0.894467 0.234134 0.885360 0.233495 0.878529 0.228376 0.866006 0.231575 0.856899 0.230935 0.842099 0.234134 0.832992 0.245652 0.829577 0.256530 0.832992 0.261649 0.837546 0.269327 0.835269 0.277646 0.828438 0.290443 0.826161 0.301321 0.828438 0.310919 0.831853 0.317957 0.831853 0.326915 0.831853 0.337793 0.831853 0.365308 0.831853 0.372986 0.831853 0.379385 0.831853 0.385144 0.832992 0.388343 0.822746 0.396021 0.829577 0.397941 0.843238 0.404340 0.834130 0.412658 0.828438 0.424176 0.828438 0.435053 0.830715 0.442732 0.828438 0.458089 0.831853 0.477285 0.826161 0.479844 0.842099 0.475365 0.868283 0.477925 0.891052 
0 0.171427 0.149932 0.165668 0.148793 0.159270 0.149932 0.157990 0.131717 0.154151 0.114640 0.154151 0.145378 0.148392 0.145378 0.136234 0.146516 0.126636 0.146516 0.108080 0.146516 0.095283 0.140824 0.092723 0.128301 0.094643 0.114640 0.089524 0.105533 0.077367 0.119194 0.085045 0.133994 0.099762 0.154485 0.110640 0.178393 0.118958 0.186362 0.120878 0.173839 0.128556 0.165870 0.134955 0.167008 0.157350 0.163593 0.169508 0.164731 
0 0.474085 0.892190 0.460648 0.892190 0.448491 0.883083 0.440812 0.879668 0.433774 0.887637 0.412658 0.883083 0.399221 0.886498 0.393462 0.879668 0.383224 0.886498 0.372986 0.884221 0.363388 0.880806 0.358909 0.878529 0.350591 0.883083 0.340353 0.886498 0.319877 0.886498 0.296842 0.886498 0.282125 0.885360 0.273806 0.881944 0.256530 0.881944 0.249491 0.883083 0.237334 0.885360 0.229015 0.895606 
