0 0.277711 0.995078 0.277711 0.953869 0.278997 0.943567 0.031294 0.942422 0.026147 0.940133 0.027434 0.801625 0.082765 0.798191 0.075044 0.658539 0.070541 0.455929 0.067967 0.405563 0.058960 0.397550 0.051239 0.414721 0.051883 0.430746 0.042232 0.443338 0.011993 0.447917 0.000000 0.453532 0.001055 0.991644 0.001055 0.997917 0.261626 0.997917 0.278997 0.997917 
0 0.996371 0.649382 0.889569 0.594437 0.888926 0.610462 0.885709 0.627633 0.883136 0.652816 0.881849 0.671131 0.886353 0.694025 0.889569 0.712340 0.880562 0.710050 0.877989 0.706616 0.876058 0.716918 0.817510 0.732944 0.793062 0.833677 0.795635 0.848558 0.794349 0.870307 0.788558 0.871451 0.794992 0.872596 0.798209 0.884043 0.799496 0.898924 0.959055 0.897779 0.961629 0.897779 0.964202 0.932120 0.965489 0.943567 0.998829 0.937863 0.998829 0.653961 
0 0.998301 0.934409 0.971279 0.940133 0.960985 0.938988 0.455928 0.945856 0.456572 0.995078 0.550598 0.997917 0.998301 0.997917 0.998829 0.996202 0.998829 0.971039 0.997015 0.953869 
0 0.295725 0.379235 0.289935 0.344895 0.279641 0.341461 0.273207 0.358631 0.275137 0.390682 0.253905 0.406708 0.244898 0.405563 0.217232 0.408997 0.201148 0.410142 0.179916 0.412431 0.165118 0.406708 0.157398 0.403274 0.157398 0.394116 0.134879 0.391827 0.127159 0.397550 0.129732 0.487981 0.131019 0.533768 0.135523 0.597871 0.139383 0.660829 0.145817 0.795902 0.217232 0.795902 0.241681 0.786745 0.251332 0.785600 0.257122 0.761561 0.258409 0.751259 0.293152 0.745536 0.293152 0.719208 0.256479 0.680288 0.235891 0.652816 0.234604 0.636790 0.233317 0.617331 0.237177 0.594437 0.241681 0.577266 0.247471 0.554373 0.247471 0.538347 0.244255 0.526900 0.251332 0.517743 0.255192 0.493704 0.264200 0.453640 0.275780 0.422734 0.283501 0.400984 
0 0.284788 0.830243 0.287361 0.800481 0.284788 0.789034 0.255192 0.794757 0.248115 0.791323 0.233960 0.786745 0.218519 0.793613 0.223666 0.809638 0.221736 0.886332 0.221093 0.896635 0.226240 0.893201 0.230743 0.885188 0.233317 0.874886 0.237821 0.865728 0.241681 0.854281 0.235247 0.853136 0.229457 0.841690 0.234604 0.840545 0.233317 0.832532 0.239751 0.832532 0.245541 0.840545 0.244898 0.823375 0.250045 0.834821 0.251332 0.842834 0.260983 0.845124 0.269990 0.845124 0.271920 0.832532 0.276424 0.830243 0.278354 0.838255 0.278354 0.845124 
0 0.284144 0.896635 0.284144 0.874886 0.281571 0.866873 0.276424 0.864583 0.275780 0.879464 0.273850 0.885188 0.269347 0.879464 0.269990 0.864583 0.264843 0.863439 0.264200 0.879464 0.256479 0.881754 0.246185 0.882898 0.250045 0.880609 0.249402 0.872596 0.244898 0.869162 0.237177 0.881754 0.230743 0.892056 0.225596 0.895490 0.271920 0.898924 
0 0.863191 0.574977 0.856113 0.570398 0.852897 0.572688 
0 0.836169 0.579556 0.833595 0.562386 0.827161 0.556662 0.822014 0.552083 0.823944 0.570398 
0 0.805929 0.570398 0.804643 0.548649 0.806573 0.532624 0.811720 0.529190 0.818797 0.523466 0.824588 0.520032 0.823301 0.514309 0.679826 0.447917 0.671462 0.438759 0.667602 0.439904 0.658594 0.444483 0.654091 0.419299 0.618061 0.408997 0.613557 0.421589 0.612271 0.445627 0.606480 0.438759 0.605193 0.408997 0.586535 0.396406 0.569807 0.389538 0.566590 0.389538 0.568520 0.414721 0.562087 0.412431 0.560156 0.395261 0.558226 0.387248 0.555653 0.407853 0.552436 0.415865 0.551149 0.390682 0.544715 0.381525 0.534421 0.380380 0.526700 0.386103 0.526057 0.400984 0.522197 0.399840 0.521553 0.386103 0.515763 0.380380 0.508686 0.380380 0.505469 0.386103 0.499678 0.388393 0.499678 0.372367 0.492601 0.366644 0.475230 0.362065 0.464292 0.356342 0.457858 0.348329 0.463005 0.379235 0.467509 0.396406 0.477803 0.407853 0.489384 0.453640 0.499678 0.507440 0.509329 0.523466 0.509329 0.536058 0.509329 0.555517 0.517050 0.562386 0.522197 0.576122 0.531848 0.604739 0.560156 0.647092 0.575598 0.672276 0.589752 0.700893 0.603907 0.734089 0.616774 0.743246 0.637363 0.750114 0.649587 0.758127 0.657951 0.769574 0.658594 0.779876 0.658594 0.792468 0.656664 0.797047 0.653447 0.854281 0.658594 0.850847 0.663098 0.842834 0.667602 0.831387 0.677896 0.832532 0.683686 0.845124 0.690120 0.851992 0.690764 0.840545 0.690764 0.832532 0.696554 0.825664 0.704275 0.826809 0.719716 0.825664 0.732584 0.827953 0.748025 0.827953 0.757676 0.830243 0.762179 0.840545 0.783411 0.830243 0.791132 0.829098 0.816224 0.738668 0.813007 0.732944 0.798852 0.724931 0.791132 0.720353 0.784054 0.715774 0.779551 0.697459 0.778907 0.683723 0.772473 0.688301 0.764753 0.676854 0.771187 0.667697 0.775690 0.658539 0.775690 0.643658 0.780837 0.636790 0.780837 0.624199 0.769900 0.603594 0.768613 0.586424 0.775690 0.571543 0.785985 0.565820 0.796279 0.569254 
0 0.556296 0.751259 0.546645 0.727221 0.526700 0.703182 0.519623 0.692880 0.512546 0.692880 0.506756 0.679144 0.496461 0.660829 0.491958 0.643658 0.486167 0.632212 0.481020 0.626488 0.472656 0.616186 0.471369 0.585279 0.466222 0.573832 0.462362 0.605884 0.457858 0.632212 0.452068 0.660829 0.450781 0.703182 0.450138 0.739812 0.450781 0.744391 0.453355 0.751259 0.527344 0.750114 
0 0.654091 0.840545 0.654734 0.792468 0.621278 0.775298 0.607767 0.767285 0.597473 0.773008 0.593612 0.792468 0.588465 0.809638 0.581388 0.806204 0.576241 0.770719 0.567234 0.746680 0.553723 0.753549 0.546002 0.753549 0.540855 0.764995 0.541498 0.785600 0.538925 0.794757 0.454641 0.797047 0.453355 0.827953 0.456572 0.835966 0.464936 0.834821 0.468152 0.824519 0.470083 0.833677 0.477803 0.839400 0.481020 0.829098 0.489384 0.830243 0.497105 0.831387 0.508042 0.830243 0.517050 0.837111 0.524770 0.843979 0.526700 0.830243 0.532491 0.832532 0.534421 0.843979 0.543428 0.832532 0.549862 0.832532 0.564660 0.829098 0.573024 0.827953 0.585892 0.831387 0.595543 0.827953 0.605193 0.826809 0.618061 0.826809 0.614844 0.830243 0.621921 0.829098 0.627068 0.826809 0.636719 0.830243 0.642510 0.826809 
0 0.793062 0.885188 0.782768 0.887477 0.776977 0.880609 0.766683 0.888622 0.755745 0.885188 0.739661 0.885188 0.730653 0.885188 0.721003 0.878320 0.716499 0.860005 0.697197 0.860005 0.697197 0.878320 0.685616 0.885188 0.672105 0.886332 0.660524 0.886332 0.636719 0.887477 0.591039 0.885188 0.557583 0.886332 0.540212 0.879464 0.535064 0.874886 0.530561 0.882898 0.516406 0.884043 0.502252 0.885188 0.498392 0.880609 0.493244 0.880609 0.479090 0.878320 0.457215 0.888622 0.455285 0.894345 0.796279 0.898924 
0 0.701806 0.366820 0.704164 0.426944 0.998829 0.547917 0.998829 0.410417 0.970577 0.412961 0.938356 0.411563 0.901419 0.398979 0.868412 0.387794 0.858982 0.380803 0.796897 0.366820 0.780394 0.359829 0.732455 0.359829 
0 0.613002 0.350042 0.616145 0.398979 0.657011 0.412961 0.659368 0.355635 
0 0.568992 0.362626 0.567421 0.379404 0.602785 0.396183 0.605929 0.371015 
0 0.484117 0.334662 0.482546 0.359829 0.499835 0.366820 0.502193 0.336060 
0 0.507694 0.348644 0.522625 0.348644 0.521840 0.378006 0.502978 0.378006 
0 0.527341 0.354237 0.524983 0.379404 0.550131 0.379404 0.548559 0.358431 
