0 0.456250 0.497711 0.140348 0.584707 0.140348 0.611035 0.113326 0.614469 0.104318 0.622482 0.098528 0.667125 0.079226 0.684295 0.048987 0.687729 0.023895 0.688874 0.004594 0.708333 0.003950 0.732372 0.094024 0.730082 0.326286 0.582418 0.460110 0.526328 
0 0.457537 0.549222 0.288326 0.637363 0.141635 0.726648 0.159649 0.731227 0.162223 0.891484 0.174447 0.896062 0.186672 0.835394 0.214981 0.785027 0.310202 0.718636 0.406066 0.624771 0.458823 0.574405 
0 0.220771 0.821658 0.517371 0.543498 0.514154 0.570971 0.507077 0.590430 0.442095 0.645375 0.361672 0.724359 0.275459 0.815934 
0 0.309558 0.812500 0.510294 0.613324 0.504504 0.631639 0.501930 0.657967 0.330146 0.821658 0.314705 0.821658 
0 0.388051 0.819368 0.454963 0.738095 0.581066 0.659112 0.738696 0.562958 0.754137 0.557234 0.767648 0.557234 0.789523 0.568681 0.790810 0.584707 0.767648 0.607601 0.745773 0.640797 0.563052 0.819368 
0 0.612592 0.811355 0.770222 0.680861 0.908549 0.889194 0.815902 0.896062 0.815902 0.812500 
0 0.813972 0.652244 0.869303 0.640797 0.998623 0.763278 0.998623 0.898352 0.968384 0.897207 0.794027 0.677427 
0 0.544394 0.596154 0.620313 0.543498 0.660203 0.550366 0.656986 0.570971 0.597151 0.590430 0.552114 0.600733 
0 0.575279 0.503845 0.594926 0.509438 0.552489 0.559773 0.534414 0.569561 0.533628 0.531809 
0 0.150119 0.459102 0.150119 0.488465 0.265643 0.475881 0.271930 0.452111 
0 0.285290 0.450713 0.285290 0.474483 0.336372 0.463297 0.331657 0.442324 
0 0.381167 0.440926 0.378810 0.460501 0.411031 0.453510 0.415746 0.440926 
0 0.421247 0.435333 0.426748 0.457704 0.451896 0.454908 0.455040 0.435333 
