0 0.464083 0.341189 0.467931 0.286544 0.459594 0.286544 0.458311 0.296790 0.451256 0.292236 0.442918 0.284267 0.432656 0.279713 0.424960 0.279713 0.426242 0.344604 0.435222 0.345742 0.451256 0.344604 
0 0.337733 0.592782 0.340299 0.560906 0.338375 0.548383 0.333244 0.550660 0.329395 0.564321 0.321699 0.567737 0.317851 0.554076 0.322340 0.540414 0.328754 0.530168 0.319775 0.506261 0.315285 0.492600 0.317209 0.475524 0.319133 0.457309 0.317851 0.425433 0.279368 0.431125 0.188294 0.457309 0.167128 0.458447 0.153660 0.458447 0.130570 0.453893 0.120308 0.452755 0.102350 0.451617 0.090805 0.467555 0.077978 0.474385 0.001013 0.482354 0.000000 0.753362 0.000000 0.753362 0.000000 0.997917 0.061944 0.995788 0.063226 0.707764 0.065150 0.703210 0.215873 0.710041 0.216514 0.774932 0.723838 0.777209 0.725121 0.785178 0.727045 0.827300 0.793748 0.831853 0.793107 0.806808 0.789258 0.799977 0.784127 0.787454 0.785410 0.771516 0.791182 0.761270 0.803368 0.758994 0.806575 0.758994 0.814913 0.762409 0.819403 0.760132 0.827099 0.762409 0.830306 0.769240 0.838003 0.773793 0.843133 0.773793 0.839927 0.760132 0.839927 0.743056 0.845058 0.739640 0.845699 0.727117 0.846982 0.710041 0.848906 0.698657 0.670605 0.640597 0.667398 0.647427 0.630198 0.641735 0.597488 0.640597 0.584020 0.630351 0.585302 0.614413 0.585944 0.591644 0.580813 0.581398 0.572475 0.603028 0.559648 0.621243 0.542972 0.617828 0.509621 0.610997 0.475628 0.614413 0.451256 0.614413 0.446766 0.608720 0.444842 0.593921 0.449973 0.582536 0.446125 0.567737 0.446125 0.552937 0.444842 0.540414 0.442277 0.526753 0.439070 0.516507 0.435222 0.489185 0.431373 0.475524 0.425601 0.489185 0.402512 0.506261 0.396739 0.506261 0.403153 0.523338 0.405077 0.547245 0.402512 0.570014 0.394174 0.582536 0.380705 0.597336 0.372367 0.597336 0.364029 0.597336 0.351202 0.600751 0.344147 0.600751 
0 0.479476 0.369649 0.426884 0.371926 0.431373 0.398110 0.425601 0.415187 0.408284 0.415187 0.399946 0.418602 0.408284 0.448201 0.421111 0.448201 0.430091 0.457309 0.434580 0.463001 0.437787 0.450478 0.454463 0.437955 0.465366 0.431125 0.466649 0.402664 0.467290 0.393556 0.470497 0.386726 0.476269 0.379895 
0 0.667398 0.330943 0.671246 0.294513 0.659701 0.292236 0.648157 0.293374 0.632764 0.297928 0.632122 0.312728 0.631481 0.333219 0.630840 0.342327 0.640460 0.340050 0.649439 0.333219 0.657777 0.333219 
0 0.619936 0.330943 0.617371 0.293374 0.603261 0.295651 0.598130 0.303620 0.598771 0.330943 0.609674 0.336635 
0 0.723197 0.324112 0.722556 0.292236 0.716142 0.288821 0.696901 0.288821 0.682791 0.288821 0.677018 0.300205 0.675094 0.326389 0.675094 0.333219 0.696260 0.332081 0.711011 0.329804 
0 0.765528 0.299066 0.738590 0.295651 0.731535 0.295651 0.728328 0.322974 0.737949 0.313866 0.745645 0.308174 0.758473 0.317281 0.766169 0.327527 0.766810 0.315005 
0 0.837361 0.317281 0.837361 0.300205 0.829665 0.295651 0.817479 0.293374 0.798238 0.293374 0.784127 0.296790 0.775148 0.308174 0.773224 0.325250 0.768093 0.329804 0.756548 0.329804 0.730894 0.335496 0.725121 0.335496 0.719349 0.333219 0.705239 0.330943 0.673812 0.338912 0.664191 0.340050 0.655853 0.335496 0.639178 0.341189 0.632764 0.345742 0.521165 0.375342 0.514752 0.384449 0.516034 0.392418 0.524372 0.416325 0.524372 0.441371 0.521807 0.437955 0.533351 0.468693 0.530786 0.494877 0.528862 0.527892 0.525013 0.540414 0.515393 0.560906 0.510903 0.567737 0.510262 0.598474 0.510262 0.613274 0.553875 0.625797 0.555158 0.607582 0.557723 0.574567 0.569909 0.562045 0.572475 0.547245 0.572475 0.527892 0.566061 0.515369 0.574399 0.492600 0.584020 0.464139 0.591716 0.442509 0.599413 0.424294 0.612881 0.420879 0.626350 0.425433 0.635329 0.409495 0.640460 0.399249 0.649439 0.382172 0.657136 0.374203 0.668039 0.381034 0.674453 0.407218 0.668039 0.435679 0.670605 0.449340 0.678943 0.469832 0.680867 0.490323 0.683432 0.519923 0.680225 0.543830 0.672529 0.556352 0.666756 0.579121 0.669963 0.595059 0.663550 0.615551 0.664191 0.633766 0.668681 0.644012 0.850830 0.698657 0.868147 0.695241 0.882257 0.697518 0.881616 0.712318 0.881616 0.732810 0.891236 0.727117 0.905346 0.724841 0.911760 0.732810 0.909836 0.762409 0.913684 0.771516 0.922663 0.769240 0.920098 0.781762 0.913684 0.792008 0.914326 0.828438 0.938056 0.828438 0.955373 0.826161 0.950242 0.805669 0.957939 0.799977 0.960504 0.774932 0.951525 0.765824 0.937415 0.764686 0.952167 0.748748 0.960504 0.725979 0.954732 0.720287 0.943829 0.716872 0.939981 0.702072 0.953449 0.672473 0.962428 0.655396 0.966918 0.637181 0.969484 0.622382 0.973332 0.608720 0.975897 0.591644 0.987442 0.604167 0.992573 0.609859 0.998826 0.608749 0.998826 0.353711 0.993856 0.350296 0.984876 0.350296 0.982311 0.330943 0.978463 0.316143 0.961146 0.315005 0.942546 0.312728 0.929077 0.303620 0.916250 0.301343 0.898291 0.301343 0.884823 0.317281 0.869430 0.318420 0.871995 0.303620 0.861733 0.291097 0.859168 0.293374 0.864299 0.307036 0.864299 0.315005 0.853395 0.313866 
0 0.829023 0.815915 0.827741 0.799977 0.823251 0.796562 0.815555 0.792008 0.809782 0.794285 0.808499 0.805669 0.796955 0.809085 0.794389 0.811362 0.796313 0.827300 0.821327 0.820469 
0 0.866864 0.821607 0.867506 0.802254 0.869430 0.781762 0.861733 0.780624 0.862375 0.766963 0.868147 0.737363 0.869430 0.714595 0.861092 0.706626 0.857885 0.724841 0.857244 0.739640 0.859809 0.745332 0.852754 0.756717 0.855961 0.774932 0.855320 0.776070 0.851471 0.784039 0.852113 0.793147 0.863016 0.789731 0.852113 0.796562 0.851471 0.804531 0.857885 0.811362 0.850189 0.819331 0.844416 0.817054 0.852113 0.825023 
