0 0.367552 0.998000 0.000000 0.998000 0.157043 0.896023 0.345798 0.740341 0.400184 0.692614 0.430257 0.657386 0.449452 0.627841 0.456491 0.592614 0.483364 0.591477 0.482084 0.561932 0.501280 0.551705 0.559506 0.561932 0.542870 0.577841 0.537111 0.600568 0.585099 0.599432 0.697712 0.596023 0.770654 0.581250 0.807765 0.596023 0.873029 0.593750 0.998874 0.621023 0.997799 0.888068 0.860232 0.893750 0.834639 0.875568 0.814803 0.910795 0.831439 0.944886 0.876868 0.952841 0.967726 0.948295 0.998439 0.947159 0.998874 0.998000 
0 0.002201 0.616477 0.121212 0.603977 0.169200 0.585795 0.254300 0.582386 0.267097 0.547159 0.289491 0.532386 0.317644 0.525568 0.336840 0.546023 0.334280 0.575568 0.387387 0.572159 0.384828 0.584659 0.391866 0.591477 0.431537 0.589205 0.417460 0.617614 0.384828 0.608523 0.340679 0.616477 0.334920 0.635795 0.330441 0.615341 0.323403 0.614205 0.318924 0.635795 0.315085 0.615341 0.306767 0.616477 0.302928 0.639205 0.299089 0.621023 0.288212 0.619886 0.288851 0.638068 0.283093 0.639205 0.279894 0.619886 0.268376 0.619886 0.269016 0.640341 0.259419 0.639205 0.253660 0.617614 0.245342 0.623295 0.242783 0.643750 0.235744 0.642614 0.229346 0.622159 0.218468 0.623295 0.215909 0.641477 0.205032 0.643750 0.199273 0.623295 0.187756 0.623295 0.185836 0.649432 0.171120 0.650568 0.165361 0.630114 0.149365 0.631250 0.144886 0.652841 0.126971 0.655114 0.126331 0.635795 0.116093 0.628977 0.106496 0.634659 0.102657 0.657386 0.078982 0.660795 0.072584 0.634659 0.059147 0.635795 0.047630 0.664205 0.015638 0.665341 0.010519 0.638068 0.002201 0.642614 
0 0.014998 0.841477 0.055308 0.828977 0.055948 0.807386 0.014998 0.818750 
0 0.076423 0.821023 0.106496 0.809659 0.109055 0.788068 0.075783 0.794886 
0 0.127611 0.800568 0.151925 0.792614 0.152564 0.772159 0.126971 0.778977 
0 0.168561 0.784659 0.187116 0.775568 0.187116 0.761932 0.170480 0.765341 
0 0.203112 0.765341 0.221668 0.761932 0.221668 0.747159 0.203112 0.751705 
0 0.235104 0.756250 0.246622 0.755114 0.245982 0.741477 0.235744 0.740341 
0 0.261338 0.746023 0.258139 0.735795 0.269656 0.734659 0.271576 0.747159 
0 0.963247 0.875568 0.971565 0.968750 0.998439 0.963068 0.996519 0.864205 
