0 0.003403 0.584415 0.031102 0.587580 0.037433 0.594967 0.046929 0.579139 0.065923 0.577029 0.067506 0.599188 0.103909 0.585470 0.122903 0.580194 0.132399 0.590746 0.133191 0.605519 0.118154 0.624512 0.094413 0.638229 0.086499 0.644561 0.077794 0.655112 0.075419 0.668830 0.066714 0.693099 0.061966 0.719479 0.065131 0.734251 0.084125 0.728975 0.114989 0.699430 0.136356 0.675161 0.152184 0.656168 0.156141 0.634009 0.157724 0.627678 0.168803 0.611850 0.187797 0.613960 0.220244 0.618181 0.252691 0.605519 0.281972 0.600243 0.285929 0.612905 0.304922 0.610795 0.309671 0.604463 0.327081 0.597077 0.339744 0.597077 0.348449 0.581249 0.362694 0.565422 0.400681 0.574918 0.444207 0.574918 0.475071 0.570697 0.482194 0.564366 0.475863 0.548539 0.453704 0.542207 0.430753 0.528490 0.411760 0.506331 0.393558 0.500000 0.382479 0.487338 0.381687 0.472565 0.391184 0.462013 0.410969 0.457793 0.438667 0.452517 0.471906 0.459903 0.499604 0.467289 0.502770 0.473620 0.513058 0.490503 0.535217 0.504221 0.557376 0.506331 0.582700 0.513717 0.606442 0.516883 0.653925 0.520049 0.673710 0.531656 0.655508 0.544318 0.634141 0.554870 0.622270 0.560146 0.610399 0.581249 0.598528 0.585470 0.580326 0.589691 0.576369 0.610795 0.580326 0.638229 0.600111 0.661443 0.615147 0.686768 0.615147 0.712092 0.638097 0.749024 0.663422 0.793342 0.687164 0.820777 0.693495 0.890419 0.685581 0.942123 0.668962 0.966392 0.655508 0.993827 0.645878 0.998765 0.617521 0.998765 0.391184 0.996993 0.382479 0.973779 0.387227 0.959006 0.381687 0.931571 0.363485 0.914688 0.338952 0.924185 0.317585 0.936847 0.297800 0.945289 0.274850 0.952675 0.240028 0.946344 0.217870 0.932626 0.208373 0.930516 0.187005 0.948454 0.158515 0.951620 0.134774 0.944233 0.089664 0.946344 0.060383 0.949509 0.039807 0.982220 0.027145 0.993827 0.000000 0.995784 0.004194 0.910467 0.031102 0.877757 0.024770 0.846101 0.010525 0.838715 0.000000 0.851746 
0 0.081751 0.393426 0.054843 0.411364 0.054843 0.421916 0.065131 0.429303 0.117363 0.431413 0.126860 0.435634 0.138731 0.432468 0.168803 0.436689 0.213121 0.430358 0.275641 0.430358 0.310462 0.418751 0.331038 0.414530 0.312045 0.393426 0.300965 0.382874 0.271684 0.375488 0.228949 0.387095 0.185423 0.378654 0.152976 0.378654 0.143479 0.373378 0.137148 0.379709 0.117363 0.386040 0.111823 0.392371 
0 0.358737 0.406088 0.387227 0.383930 0.413343 0.382874 0.429962 0.378654 0.451330 0.378654 0.463992 0.379709 0.469531 0.388150 0.504353 0.393426 0.518598 0.393426 0.537591 0.396592 0.543922 0.400812 0.537591 0.410309 0.523346 0.408199 0.510684 0.405033 0.485359 0.407144 0.474280 0.417695 0.445790 0.412420 0.416508 0.420861 0.403055 0.425082 0.374565 0.424027 
0 0.283555 0.361771 0.295426 0.354384 0.320750 0.357550 0.351614 0.360715 0.368234 0.370212 0.383270 0.371267 0.395932 0.373378 0.391184 0.359660 0.389601 0.351219 0.395141 0.348053 0.390393 0.340667 0.366651 0.332225 0.345283 0.330115 0.312836 0.331170 0.276432 0.331170 0.264562 0.343832 0.264562 0.355439 0.273267 0.361771 
0 0.096787 0.369157 0.103118 0.345943 0.113406 0.336446 0.141896 0.336446 0.160890 0.336446 0.185423 0.337501 0.198085 0.340667 0.208373 0.350164 0.198085 0.351219 0.181466 0.356495 0.167221 0.362826 0.159307 0.375488 0.143479 0.371267 0.133191 0.371267 0.113406 0.376543 0.107866 0.369157 
0 0.165638 0.325894 0.202042 0.330115 0.230532 0.331170 0.270101 0.322729 0.312836 0.318508 0.326290 0.315342 0.346075 0.307956 0.366651 0.302680 0.389601 0.301625 0.397515 0.296349 0.395141 0.287908 0.381687 0.275245 0.369816 0.273135 0.352406 0.274190 0.307297 0.278411 0.298591 0.278411 0.285929 0.291073 0.315211 0.304791 0.282764 0.300570 0.246360 0.295294 0.199668 0.300570 0.182257 0.301625 
0 0.574786 0.294239 0.622270 0.297404 0.645220 0.307956 0.668962 0.307956 0.704574 0.314287 0.740187 0.322729 0.794793 0.328005 0.848607 0.324839 0.869183 0.330115 0.892925 0.343832 0.926163 0.348053 0.950696 0.359660 0.973647 0.370212 0.992640 0.355439 0.999074 0.358559 0.999074 0.408199 0.979186 0.416640 0.970481 0.388150 0.947531 0.403978 0.926163 0.380764 0.890551 0.396592 0.899256 0.429303 0.870766 0.433523 0.847024 0.424027 0.849399 0.396592 0.833571 0.398702 0.824074 0.417695 0.812995 0.399757 0.797167 0.390261 0.780548 0.383930 0.754432 0.371267 0.733064 0.360715 0.722776 0.338557 0.702991 0.331170 0.682415 0.328005 0.649177 0.328005 0.615939 0.306901 0.581909 0.303735 
0 0.535217 0.285797 0.521763 0.286852 0.510684 0.284742 0.517806 0.266804 0.535217 0.261528 0.567664 0.255197 0.564498 0.265749 0.553419 0.283687 0.541548 0.276301 0.528094 0.272080 
0 0.582700 0.268914 0.571621 0.284742 0.573204 0.292128 0.605651 0.291073 0.665796 0.284742 0.677667 0.282632 0.680041 0.256252 0.646011 0.244645 0.615147 0.243590 0.577160 0.247810 0.566872 0.263638 
0 0.819326 0.247810 0.960193 0.279466 0.997388 0.291073 0.997388 0.318508 0.967316 0.316398 0.919041 0.319563 0.879471 0.312177 0.831988 0.295294 0.790044 0.296349 0.755223 0.285797 0.775799 0.266804 0.797958 0.240424 
0 0.020814 0.204548 0.002612 0.208769 0.000237 0.226707 0.013691 0.228817 0.030310 0.233038 
0 0.138731 0.197162 0.180674 0.193996 0.165638 0.206658 0.156141 0.210879 0.138731 0.209824 
